0,-18.0228,-18.0228,-18.0228,-18.0228,-18.0228
0.1,-18.09858,-18.09534,-18.10321,-18.11774,-18.1018
0.2,-18.17976,-18.17907,-18.17301,-18.2027,-18.16688
0.3,-18.25672,-18.25147,-18.2338,-18.28104,-18.25838
0.4,-18.33503,-18.32663,-18.31236,-18.34267,-18.32222
0.5,-18.3947,-18.42152,-18.38304,-18.40932,-18.41191
0.6,-18.45946,-18.4671,-18.45115,-18.48366,-18.49376
0.7,-18.54428,-18.52245,-18.504,-18.54682,-18.55798
0.8,-18.60811,-18.5977,-18.55358,-18.59254,-18.61942
0.9,-18.65609,-18.65154,-18.60515,-18.65506,-18.65428
1,-18.70729,-18.71958,-18.65726,-18.71801,-18.69966
1.1,-18.75851,-18.80254,-18.69514,-18.78439,-18.77436
1.2,-18.79976,-18.85399,-18.75884,-18.82792,-18.83283
1.3,-18.84938,-18.89721,-18.8087,-18.87468,-18.88011
1.4,-18.91566,-18.9486,-18.86872,-18.91792,-18.91456
1.5,-18.95558,-18.98096,-18.90701,-18.97775,-18.97246
1.6,-19.01594,-19.03034,-18.93123,-19.0018,-19.00324
1.7,-19.05538,-19.06691,-18.98848,-19.03525,-19.06456
1.8,-19.07433,-19.12406,-19.02093,-19.06253,-19.10849
1.9,-19.11243,-19.18294,-19.03605,-19.09157,-19.15224
2,-19.15981,-19.20805,-19.08084,-19.1407,-19.17659
2.1,-19.19454,-19.22066,-19.11699,-19.16848,-19.20391
2.2,-19.21916,-19.25996,-19.16233,-19.20915,-19.24517
2.3,-19.25577,-19.30885,-19.17092,-19.24751,-19.25487
2.4,-19.26453,-19.31725,-19.21689,-19.28483,-19.27609
2.5,-19.28239,-19.35892,-19.24008,-19.3134,-19.26983
2.6,-19.31057,-19.37447,-19.25013,-19.32819,-19.29185
2.7,-19.32243,-19.37994,-19.2759,-19.34102,-19.30698
2.8,-19.34571,-19.38074,-19.31026,-19.35567,-19.34178
2.9,-19.34909,-19.39026,-19.3254,-19.37661,-19.37321
3,-19.38792,-19.38509,-19.33446,-19.38656,-19.3777
3.1,-19.4108,-19.41023,-19.36422,-19.39979,-19.41481
3.2,-19.43042,-19.43236,-19.39282,-19.40862,-19.43295
3.3,-19.44288,-19.44193,-19.4135,-19.41673,-19.45262
3.4,-19.45378,-19.47166,-19.44261,-19.4524,-19.46762
3.5,-19.45452,-19.47629,-19.46212,-19.44082,-19.47892
3.6,-19.4894,-19.4888,-19.4879,-19.45579,-19.48698
3.7,-19.48338,-19.4682,-19.49955,-19.45872,-19.4748
3.8,-19.47834,-19.47558,-19.50903,-19.47151,-19.46159
3.9,-19.51921,-19.49188,-19.51632,-19.47806,-19.45265
4,-19.52262,-19.5138,-19.52441,-19.48165,-19.50161
4.1,-19.52118,-19.50911,-19.52747,-19.4943,-19.52011
4.2,-19.53346,-19.5201,-19.53604,-19.49577,-19.53277
4.3,-19.51418,-19.5403,-19.54787,-19.50868,-19.54188
4.4,-19.52887,-19.53512,-19.52642,-19.52008,-19.52953
4.5,-19.54871,-19.54749,-19.5426,-19.52656,-19.54846
4.6,-19.59202,-19.55263,-19.53529,-19.53985,-19.5398
4.7,-19.60296,-19.56935,-19.54844,-19.54865,-19.55441
4.8,-19.6049,-19.57217,-19.56747,-19.53228,-19.55498
4.9,-19.58578,-19.5677,-19.5776,-19.53172,-19.54568
5,-19.60779,-19.5811,-19.59536,-19.55964,-19.54153
5.1,-19.61587,-19.58504,-19.59031,-19.57533,-19.55358
5.2,-19.60309,-19.60755,-19.5721,-19.57591,-19.56163
5.3,-19.60215,-19.61545,-19.56871,-19.55456,-19.56001
5.4,-19.6013,-19.61851,-19.56721,-19.57144,-19.56762
5.5,-19.59888,-19.58885,-19.5728,-19.55333,-19.55897
5.6,-19.60547,-19.60375,-19.56879,-19.56468,-19.57287
5.7,-19.58987,-19.59721,-19.56484,-19.58005,-19.5778
5.8,-19.61542,-19.6063,-19.55416,-19.59103,-19.56748
5.9,-19.6107,-19.61684,-19.56508,-19.59091,-19.56267
6,-19.63516,-19.6055,-19.58018,-19.59383,-19.56344
6.1,-19.61708,-19.59883,-19.56714,-19.6089,-19.55054
6.2,-19.60765,-19.57656,-19.56946,-19.62105,-19.55927
6.3,-19.62606,-19.58103,-19.5558,-19.60781,-19.56002
6.4,-19.63522,-19.58599,-19.55928,-19.62196,-19.55352
6.5,-19.60448,-19.59814,-19.57763,-19.63207,-19.55937
6.6,-19.59906,-19.6018,-19.57483,-19.61733,-19.55835
6.7,-19.58354,-19.62068,-19.58546,-19.62116,-19.55908
6.8,-19.59263,-19.60428,-19.57081,-19.62434,-19.57468
6.9,-19.58594,-19.63847,-19.55765,-19.62782,-19.55948
7,-19.56392,-19.64953,-19.56286,-19.60058,-19.55775
7.1,-19.58378,-19.63143,-19.56663,-19.59647,-19.55454
7.2,-19.58241,-19.65302,-19.56449,-19.60563,-19.57384
7.3,-19.56909,-19.6532,-19.58694,-19.59424,-19.57205
7.4,-19.58444,-19.66292,-19.60074,-19.59296,-19.56647
7.5,-19.58847,-19.66996,-19.60114,-19.61822,-19.58399
7.6,-19.58258,-19.67661,-19.60153,-19.60219,-19.58965
7.7,-19.58686,-19.6818,-19.60646,-19.60271,-19.58217
7.8,-19.58759,-19.69235,-19.61228,-19.59761,-19.59664
7.9,-19.58491,-19.70041,-19.61409,-19.59195,-19.61131
8,-19.57499,-19.6797,-19.62505,-19.60022,-19.59939
8.1,-19.58308,-19.67428,-19.62635,-19.59531,-19.61928
8.2,-19.60244,-19.64607,-19.65692,-19.60856,-19.62374
8.3,-19.59562,-19.66833,-19.66128,-19.61532,-19.62946
8.4,-19.59145,-19.66531,-19.67334,-19.61244,-19.63305
8.5,-19.59163,-19.65905,-19.66393,-19.60143,-19.6514
8.6,-19.583,-19.64901,-19.65475,-19.58472,-19.64284
8.7,-19.58485,-19.62516,-19.65481,-19.60083,-19.65604
8.8,-19.57648,-19.61801,-19.66739,-19.59092,-19.63971
8.9,-19.56831,-19.63434,-19.66169,-19.57665,-19.64616
9,-19.55604,-19.64964,-19.64769,-19.56221,-19.65446
9.1,-19.55051,-19.62237,-19.64648,-19.55977,-19.66904
9.2,-19.56494,-19.60939,-19.65975,-19.5558,-19.66837
9.3,-19.57449,-19.61936,-19.65727,-19.57883,-19.65982
9.4,-19.56885,-19.6405,-19.66566,-19.58832,-19.65837
9.5,-19.57457,-19.63807,-19.6609,-19.58703,-19.63754
9.6,-19.54668,-19.63621,-19.67236,-19.5949,-19.65702
9.7,-19.54042,-19.61516,-19.68013,-19.59409,-19.62756
9.8,-19.54639,-19.59633,-19.69076,-19.58146,-19.63159
9.9,-19.55399,-19.59253,-19.66148,-19.5758,-19.6301
10,-19.55763,-19.59419,-19.67141,-19.58364,-19.63733
10.1,-19.54785,-19.57484,-19.64926,-19.56563,-19.61964
10.2,-19.56403,-19.57911,-19.65945,-19.58722,-19.60423
10.3,-19.57344,-19.57812,-19.66363,-19.60663,-19.6296
10.4,-19.57922,-19.57921,-19.65127,-19.62017,-19.642
10.5,-19.57936,-19.57747,-19.65618,-19.61975,-19.6486
10.6,-19.58299,-19.60789,-19.64132,-19.62053,-19.65055
10.7,-19.57972,-19.60225,-19.61243,-19.61451,-19.64521
10.8,-19.57726,-19.61837,-19.63426,-19.61786,-19.65019
10.9,-19.56078,-19.61754,-19.63436,-19.60566,-19.65766
11,-19.56303,-19.61388,-19.64595,-19.59342,-19.65738
11.1,-19.5599,-19.59937,-19.65097,-19.59977,-19.67041
11.2,-19.55641,-19.62522,-19.6231,-19.59298,-19.66063
11.3,-19.56339,-19.61537,-19.62025,-19.59387,-19.62782
11.4,-19.56536,-19.62137,-19.62566,-19.60203,-19.61988
11.5,-19.55474,-19.62325,-19.63489,-19.58644,-19.62591
11.6,-19.57399,-19.63145,-19.62745,-19.5966,-19.62968
11.7,-19.5871,-19.64375,-19.64157,-19.5919,-19.65801
11.8,-19.57401,-19.62233,-19.63158,-19.59591,-19.64478
11.9,-19.55882,-19.62534,-19.63394,-19.59428,-19.63617
12,-19.581,-19.61214,-19.64952,-19.59802,-19.61571
12.1,-19.55866,-19.63215,-19.64603,-19.59364,-19.61523
12.2,-19.5612,-19.63216,-19.64246,-19.604,-19.59406
12.3,-19.56479,-19.61653,-19.61864,-19.59572,-19.5763
12.4,-19.55396,-19.63334,-19.61523,-19.59133,-19.58106
12.5,-19.5379,-19.61457,-19.62999,-19.57746,-19.60259
12.6,-19.55855,-19.60821,-19.6343,-19.54538,-19.61437
12.7,-19.57055,-19.60959,-19.65227,-19.55721,-19.6398
12.8,-19.58839,-19.61762,-19.6429,-19.5634,-19.64131
12.9,-19.61499,-19.61312,-19.65769,-19.55942,-19.64355
13,-19.60152,-19.57986,-19.65333,-19.56965,-19.63828
13.1,-19.60165,-19.56929,-19.65144,-19.56308,-19.65513
13.2,-19.60822,-19.57559,-19.61469,-19.55017,-19.63798
13.3,-19.61769,-19.58456,-19.59751,-19.53138,-19.62199
13.4,-19.62278,-19.58462,-19.58733,-19.53423,-19.6191
13.5,-19.64723,-19.57403,-19.59751,-19.57567,-19.61413
13.6,-19.64327,-19.56798,-19.59121,-19.57235,-19.58038
13.7,-19.61907,-19.57762,-19.58166,-19.57294,-19.56164
13.8,-19.64014,-19.58417,-19.57039,-19.56297,-19.57634
13.9,-19.65112,-19.57077,-19.60409,-19.56749,-19.5803
14,-19.65128,-19.55924,-19.62498,-19.57103,-19.58654
14.1,-19.65161,-19.54809,-19.64162,-19.56517,-19.58141
14.2,-19.65088,-19.54217,-19.61908,-19.56861,-19.57804
14.3,-19.65039,-19.55074,-19.61196,-19.54814,-19.54629
14.4,-19.63853,-19.56581,-19.60876,-19.54377,-19.55371
14.5,-19.65025,-19.58141,-19.61165,-19.55145,-19.56068
14.6,-19.65797,-19.56156,-19.60141,-19.56294,-19.56297
14.7,-19.65745,-19.57169,-19.60233,-19.55397,-19.56686
14.8,-19.6578,-19.58589,-19.6046,-19.53976,-19.55934
14.9,-19.62796,-19.58978,-19.56794,-19.53452,-19.54498
15,-19.61682,-19.57566,-19.54736,-19.52499,-19.58647
15.1,-19.59896,-19.54955,-19.56007,-19.52211,-19.57683
15.2,-19.59938,-19.58086,-19.55493,-19.54566,-19.5781
15.3,-19.5567,-19.58703,-19.53844,-19.53572,-19.598
15.4,-19.5748,-19.59846,-19.56503,-19.51909,-19.60378
15.5,-19.5919,-19.60289,-19.57252,-19.52647,-19.58329
15.6,-19.59272,-19.61755,-19.56436,-19.4828,-19.59725
15.7,-19.60949,-19.62093,-19.54991,-19.49198,-19.57483
15.8,-19.60647,-19.62998,-19.56246,-19.50619,-19.57397
15.9,-19.60114,-19.64165,-19.56237,-19.51062,-19.56119
16,-19.59388,-19.65639,-19.55968,-19.52341,-19.5779
16.1,-19.59765,-19.66352,-19.57821,-19.5101,-19.58161
16.2,-19.61271,-19.65807,-19.56929,-19.49635,-19.5824
16.3,-19.60872,-19.67501,-19.57281,-19.51528,-19.53936
16.4,-19.63134,-19.67496,-19.57034,-19.49211,-19.54147
16.5,-19.62513,-19.65994,-19.5651,-19.4994,-19.54223
16.6,-19.6259,-19.63545,-19.56539,-19.49855,-19.54749
16.7,-19.6608,-19.6419,-19.55107,-19.50935,-19.56504
16.8,-19.66506,-19.6284,-19.54944,-19.50478,-19.56813
16.9,-19.65208,-19.62293,-19.57853,-19.51758,-19.55264
17,-19.66499,-19.62993,-19.58886,-19.52433,-19.56905
17.1,-19.65063,-19.64255,-19.58903,-19.50682,-19.57475
17.2,-19.64175,-19.64017,-19.57966,-19.51005,-19.58338
17.3,-19.64612,-19.67227,-19.60457,-19.49592,-19.58852
17.4,-19.65384,-19.66397,-19.59598,-19.49369,-19.5852
17.5,-19.66772,-19.67208,-19.57935,-19.48991,-19.579
17.6,-19.65375,-19.69309,-19.58409,-19.4896,-19.58087
17.7,-19.65494,-19.70749,-19.5958,-19.48244,-19.58124
17.8,-19.65052,-19.72692,-19.5935,-19.46657,-19.5853
17.9,-19.6369,-19.72734,-19.59552,-19.46471,-19.58004
18,-19.61723,-19.71101,-19.59174,-19.44283,-19.59613
18.1,-19.60003,-19.69155,-19.57537,-19.44792,-19.59824
18.2,-19.58096,-19.69634,-19.58451,-19.50017,-19.57007
18.3,-19.57469,-19.71615,-19.6027,-19.50139,-19.57574
18.4,-19.55645,-19.69958,-19.59523,-19.48841,-19.55044
18.5,-19.57456,-19.71621,-19.57921,-19.53346,-19.53867
18.6,-19.58341,-19.70584,-19.56449,-19.54529,-19.5461
18.7,-19.57645,-19.71524,-19.55924,-19.52911,-19.56374
18.8,-19.5789,-19.72903,-19.52376,-19.53139,-19.54637
18.9,-19.56025,-19.72781,-19.53953,-19.52037,-19.58485
19,-19.52103,-19.72966,-19.56242,-19.52174,-19.58676
19.1,-19.52028,-19.71484,-19.56718,-19.52215,-19.61245
19.2,-19.54368,-19.7289,-19.5717,-19.53415,-19.59039
19.3,-19.53275,-19.72347,-19.5745,-19.51603,-19.58206
19.4,-19.52907,-19.74658,-19.56213,-19.53106,-19.58082
19.5,-19.54103,-19.75924,-19.55313,-19.51971,-19.58065
19.6,-19.55326,-19.77066,-19.55303,-19.51919,-19.58438
19.7,-19.55353,-19.77268,-19.55703,-19.51591,-19.57526
19.8,-19.54303,-19.77547,-19.55917,-19.50614,-19.59148
19.9,-19.54484,-19.78015,-19.55784,-19.51198,-19.60775
20,-19.53562,-19.74486,-19.57269,-19.51788,-19.57919
20.1,-19.51597,-19.73871,-19.54374,-19.51483,-19.56934
20.2,-19.50832,-19.74426,-19.52815,-19.51612,-19.58906
20.3,-19.5079,-19.76198,-19.50801,-19.52173,-19.57445
20.4,-19.50702,-19.77541,-19.51647,-19.54317,-19.57887
20.5,-19.50227,-19.79146,-19.50771,-19.53794,-19.59086
20.6,-19.49129,-19.80199,-19.52107,-19.53966,-19.58704
20.7,-19.49223,-19.78222,-19.53856,-19.56411,-19.61201
20.8,-19.49684,-19.77385,-19.50938,-19.55415,-19.60155
20.9,-19.50159,-19.76515,-19.52216,-19.54703,-19.62853
21,-19.53794,-19.77387,-19.51105,-19.54526,-19.63244
21.1,-19.54565,-19.781,-19.51235,-19.52955,-19.65266
21.2,-19.5487,-19.78056,-19.52478,-19.53451,-19.65078
21.3,-19.53092,-19.78652,-19.53166,-19.55656,-19.64873
21.4,-19.5272,-19.75846,-19.52274,-19.5368,-19.63297
21.5,-19.5432,-19.77036,-19.53271,-19.52311,-19.63372
21.6,-19.5236,-19.77293,-19.53647,-19.51505,-19.63302
21.7,-19.5301,-19.76259,-19.55774,-19.50547,-19.64641
21.8,-19.53666,-19.75232,-19.56284,-19.51248,-19.6515
21.9,-19.53186,-19.74792,-19.54221,-19.51725,-19.6595
22,-19.51395,-19.75623,-19.53989,-19.48415,-19.66385
22.1,-19.50738,-19.76318,-19.52635,-19.5005,-19.65881
22.2,-19.50638,-19.76729,-19.54042,-19.49727,-19.66512
22.3,-19.51429,-19.77506,-19.54091,-19.51454,-19.66387
22.4,-19.49696,-19.77843,-19.52236,-19.52097,-19.64353
22.5,-19.50099,-19.80522,-19.51897,-19.51022,-19.64886
22.6,-19.50797,-19.79794,-19.52503,-19.52288,-19.64784
22.7,-19.52407,-19.80263,-19.50864,-19.50856,-19.65578
22.8,-19.51334,-19.80158,-19.51183,-19.52003,-19.65759
22.9,-19.51365,-19.78044,-19.5334,-19.50888,-19.65353
23,-19.50914,-19.79635,-19.53627,-19.5037,-19.65289
23.1,-19.52679,-19.77288,-19.51833,-19.50597,-19.62927
23.2,-19.51586,-19.77228,-19.49416,-19.50943,-19.62167
23.3,-19.48852,-19.80964,-19.4947,-19.50578,-19.63783
23.4,-19.46997,-19.80281,-19.5039,-19.53141,-19.62753
23.5,-19.47955,-19.78523,-19.51008,-19.5393,-19.63241
23.6,-19.49714,-19.75682,-19.52774,-19.53266,-19.63986
23.7,-19.4999,-19.77096,-19.52511,-19.50146,-19.65561
23.8,-19.50692,-19.76031,-19.51876,-19.47748,-19.64015
23.9,-19.51225,-19.76836,-19.49385,-19.48209,-19.64476
24,-19.50809,-19.79258,-19.5005,-19.48759,-19.6427
24.1,-19.51197,-19.79058,-19.50178,-19.46448,-19.62292
24.2,-19.50074,-19.78198,-19.50041,-19.47038,-19.63771
24.3,-19.49449,-19.75954,-19.50324,-19.469,-19.60327
24.4,-19.48842,-19.73633,-19.49105,-19.45711,-19.60852
24.5,-19.47224,-19.72055,-19.47004,-19.46079,-19.58513
24.6,-19.47699,-19.69189,-19.48286,-19.47776,-19.60696
24.7,-19.48321,-19.67104,-19.48824,-19.47703,-19.60397
24.8,-19.45431,-19.67309,-19.48638,-19.49156,-19.60027
24.9,-19.46135,-19.67288,-19.48119,-19.50203,-19.60497
25,-19.46274,-19.6791,-19.50695,-19.50841,-19.60452
25.1,-19.46606,-19.6548,-19.51897,-19.54505,-19.60469
25.2,-19.47161,-19.6312,-19.52582,-19.51433,-19.60913
25.3,-19.48633,-19.62887,-19.54111,-19.46737,-19.58813
25.4,-19.49553,-19.6318,-19.54845,-19.46058,-19.59641
25.5,-19.46943,-19.6276,-19.5415,-19.46826,-19.6105
25.6,-19.45839,-19.64385,-19.55871,-19.47471,-19.60002
25.7,-19.45885,-19.6478,-19.55419,-19.46777,-19.62348
25.8,-19.44598,-19.65348,-19.55415,-19.46595,-19.60936
25.9,-19.44847,-19.6906,-19.55856,-19.46229,-19.61203
26,-19.4305,-19.69617,-19.57503,-19.47191,-19.62112
26.1,-19.45548,-19.69742,-19.56396,-19.47892,-19.60659
26.2,-19.46754,-19.7284,-19.55497,-19.47849,-19.59442
26.3,-19.45271,-19.72978,-19.57031,-19.50526,-19.58839
26.4,-19.44335,-19.72277,-19.58829,-19.50103,-19.55717
26.5,-19.44495,-19.72222,-19.56534,-19.50978,-19.57186
26.6,-19.43851,-19.73798,-19.58517,-19.49218,-19.5672
26.7,-19.45034,-19.73737,-19.59553,-19.51059,-19.5573
26.8,-19.4709,-19.71844,-19.60385,-19.48965,-19.59312
26.9,-19.45973,-19.69654,-19.58853,-19.51075,-19.58217
27,-19.45613,-19.71137,-19.56801,-19.52865,-19.58883
27.1,-19.4643,-19.70753,-19.57111,-19.55149,-19.56107
27.2,-19.48231,-19.68421,-19.58091,-19.55202,-19.55816
27.3,-19.48068,-19.68483,-19.58414,-19.56771,-19.5534
27.4,-19.48263,-19.68425,-19.59246,-19.56966,-19.54676
27.5,-19.46336,-19.67618,-19.60642,-19.57473,-19.56004
27.6,-19.46823,-19.68219,-19.59375,-19.5718,-19.54365
27.7,-19.45158,-19.6747,-19.5979,-19.56027,-19.53251
27.8,-19.46116,-19.69563,-19.58338,-19.57098,-19.53792
27.9,-19.44109,-19.68742,-19.6047,-19.57047,-19.55102
28,-19.4181,-19.66713,-19.6228,-19.56537,-19.5701
28.1,-19.42692,-19.6561,-19.64688,-19.56771,-19.54868
28.2,-19.41968,-19.66371,-19.6147,-19.58314,-19.54276
28.3,-19.40341,-19.64654,-19.5923,-19.59391,-19.52535
28.4,-19.41298,-19.63833,-19.60115,-19.60979,-19.52894
28.5,-19.3962,-19.62513,-19.60533,-19.60231,-19.51988
28.6,-19.40416,-19.64139,-19.6003,-19.61757,-19.53091
28.7,-19.42036,-19.63619,-19.59075,-19.61509,-19.53904
28.8,-19.4428,-19.64022,-19.59078,-19.64133,-19.52877
28.9,-19.43874,-19.6458,-19.56498,-19.62236,-19.53271
29,-19.44107,-19.67618,-19.54573,-19.6164,-19.53697
29.1,-19.45814,-19.68673,-19.54847,-19.60347,-19.51945
29.2,-19.4655,-19.67508,-19.53701,-19.5775,-19.5339
29.3,-19.48213,-19.70249,-19.5247,-19.58181,-19.53674
29.4,-19.47898,-19.6877,-19.53041,-19.57214,-19.52813
29.5,-19.49296,-19.69514,-19.54509,-19.55678,-19.54315
29.6,-19.48045,-19.70026,-19.52178,-19.54343,-19.54916
29.7,-19.48728,-19.69013,-19.51771,-19.54175,-19.53239
29.8,-19.50322,-19.70995,-19.51908,-19.56043,-19.53807
29.9,-19.49983,-19.69203,-19.51236,-19.55164,-19.55242
30,-19.49887,-19.70331,-19.52044,-19.54333,-19.54871
30.1,-19.48918,-19.70473,-19.5127,-19.53403,-19.5483
30.2,-19.47298,-19.71045,-19.50397,-19.54007,-19.55833
30.3,-19.47451,-19.69825,-19.50137,-19.53965,-19.5613
30.4,-19.45745,-19.69524,-19.50866,-19.52745,-19.55325
30.5,-19.46983,-19.72106,-19.49334,-19.53492,-19.54609
30.6,-19.4824,-19.69474,-19.50183,-19.53834,-19.55165
30.7,-19.47971,-19.71781,-19.51135,-19.53395,-19.56687
30.8,-19.49132,-19.73913,-19.51842,-19.54123,-19.57927
30.9,-19.50914,-19.72539,-19.52892,-19.5454,-19.56824
31,-19.50299,-19.69711,-19.52945,-19.55178,-19.55407
31.1,-19.52853,-19.67703,-19.5002,-19.55263,-19.53163
31.2,-19.5395,-19.68748,-19.4939,-19.54285,-19.56249
31.3,-19.55302,-19.70658,-19.50164,-19.55093,-19.54281
31.4,-19.54461,-19.70201,-19.48139,-19.53958,-19.55448
31.5,-19.53315,-19.71473,-19.50872,-19.5225,-19.54853
31.6,-19.54689,-19.72336,-19.49602,-19.54449,-19.55797
31.7,-19.53159,-19.73044,-19.49076,-19.55314,-19.54792
31.8,-19.50601,-19.73431,-19.49704,-19.5914,-19.53093
31.9,-19.5077,-19.71731,-19.52687,-19.59415,-19.53934
32,-19.52207,-19.73368,-19.51684,-19.58236,-19.54286
32.1,-19.53649,-19.71927,-19.50836,-19.55733,-19.5554
32.2,-19.53933,-19.70714,-19.52873,-19.57124,-19.53909
32.3,-19.54025,-19.72037,-19.52109,-19.5739,-19.52897
32.4,-19.54961,-19.72817,-19.49074,-19.57008,-19.54966
32.5,-19.53663,-19.74204,-19.45745,-19.56016,-19.5556
32.6,-19.53843,-19.75531,-19.45987,-19.57692,-19.55028
32.7,-19.55887,-19.73983,-19.45172,-19.59029,-19.5277
32.8,-19.55503,-19.71042,-19.45952,-19.59368,-19.52247
32.9,-19.53096,-19.70605,-19.46963,-19.61013,-19.51866
33,-19.50404,-19.68524,-19.48103,-19.60046,-19.51668
33.1,-19.51569,-19.6696,-19.49541,-19.59416,-19.5187
33.2,-19.51611,-19.67739,-19.49321,-19.59512,-19.51229
33.3,-19.52411,-19.71251,-19.49943,-19.58962,-19.49309
33.4,-19.5329,-19.70394,-19.50123,-19.58627,-19.49218
33.5,-19.53689,-19.69798,-19.48737,-19.56775,-19.46704
33.6,-19.55623,-19.69692,-19.51283,-19.56571,-19.47428
33.7,-19.55528,-19.67973,-19.51013,-19.55663,-19.48773
33.8,-19.57352,-19.69201,-19.54399,-19.57838,-19.46354
33.9,-19.56324,-19.68451,-19.54138,-19.57441,-19.46598
34,-19.5672,-19.67828,-19.55384,-19.56207,-19.4517
34.1,-19.56037,-19.66611,-19.55284,-19.56987,-19.46958
34.2,-19.54842,-19.67969,-19.55129,-19.5663,-19.47344
34.3,-19.53026,-19.68261,-19.54437,-19.56194,-19.46956
34.4,-19.50846,-19.67984,-19.52616,-19.57424,-19.47575
34.5,-19.50691,-19.6832,-19.54833,-19.57607,-19.45479
34.6,-19.50524,-19.68086,-19.56301,-19.57775,-19.46528
34.7,-19.49357,-19.69796,-19.55432,-19.57725,-19.48205
34.8,-19.52278,-19.67575,-19.5406,-19.57923,-19.50791
34.9,-19.51803,-19.6766,-19.53692,-19.56271,-19.50129
35,-19.51291,-19.68316,-19.49366,-19.54636,-19.51774
35.1,-19.51241,-19.70247,-19.47198,-19.55283,-19.52284
35.2,-19.51821,-19.69897,-19.53039,-19.56322,-19.54099
35.3,-19.52198,-19.6986,-19.5098,-19.57951,-19.5466
35.4,-19.51756,-19.72022,-19.50327,-19.59163,-19.55104
35.5,-19.51768,-19.7053,-19.50752,-19.55888,-19.55211
35.6,-19.49902,-19.70827,-19.4838,-19.56576,-19.54525
35.7,-19.51006,-19.71426,-19.51008,-19.57431,-19.52692
35.8,-19.50097,-19.70916,-19.51732,-19.58711,-19.51656
35.9,-19.50487,-19.71963,-19.50894,-19.571,-19.4968
36,-19.49246,-19.68716,-19.52831,-19.56943,-19.47581
36.1,-19.50102,-19.69959,-19.51918,-19.56387,-19.47296
36.2,-19.51603,-19.70652,-19.49035,-19.56254,-19.45874
36.3,-19.53984,-19.69764,-19.50218,-19.56849,-19.47551
36.4,-19.5531,-19.70401,-19.51713,-19.55928,-19.506
36.5,-19.55912,-19.70085,-19.50242,-19.54988,-19.51245
36.6,-19.55952,-19.68559,-19.52824,-19.55388,-19.50916
36.7,-19.56839,-19.66166,-19.54641,-19.55859,-19.51435
36.8,-19.57391,-19.6573,-19.55505,-19.53392,-19.51411
36.9,-19.58631,-19.67198,-19.54123,-19.53245,-19.4929
37,-19.58704,-19.69078,-19.55121,-19.52465,-19.47758
37.1,-19.58255,-19.70682,-19.54921,-19.51958,-19.48037
37.2,-19.5991,-19.69327,-19.54652,-19.49868,-19.49491
37.3,-19.58632,-19.70289,-19.57439,-19.50103,-19.49291
37.4,-19.59467,-19.70362,-19.58286,-19.51944,-19.47891
37.5,-19.59994,-19.70249,-19.58955,-19.49901,-19.47528
37.6,-19.59094,-19.70971,-19.60272,-19.50377,-19.46542
37.7,-19.59952,-19.70842,-19.60478,-19.49298,-19.47692
37.8,-19.59919,-19.70613,-19.58165,-19.48339,-19.48753
37.9,-19.61237,-19.66299,-19.57555,-19.49469,-19.49286
38,-19.59625,-19.6677,-19.58777,-19.48463,-19.48072
38.1,-19.59183,-19.66231,-19.57584,-19.49652,-19.48661
38.2,-19.61879,-19.64897,-19.56557,-19.50378,-19.49335
38.3,-19.61878,-19.63519,-19.55864,-19.50948,-19.49175
38.4,-19.65265,-19.63409,-19.56791,-19.50256,-19.49596
38.5,-19.65894,-19.64155,-19.53849,-19.51164,-19.48857
38.6,-19.66337,-19.62749,-19.53626,-19.51392,-19.48399
38.7,-19.66805,-19.6057,-19.50802,-19.54297,-19.47822
38.8,-19.66966,-19.60165,-19.50303,-19.52209,-19.46841
38.9,-19.66203,-19.62488,-19.54006,-19.53481,-19.46992
39,-19.65378,-19.60499,-19.5393,-19.55266,-19.45633
39.1,-19.64946,-19.58522,-19.54598,-19.55757,-19.48191
39.2,-19.66617,-19.58235,-19.55545,-19.57556,-19.50601
39.3,-19.66935,-19.5862,-19.53866,-19.53239,-19.49948
39.4,-19.67189,-19.55236,-19.53713,-19.53663,-19.53129
39.5,-19.6837,-19.57881,-19.52391,-19.52282,-19.5321
39.6,-19.67271,-19.5867,-19.54091,-19.53806,-19.52071
39.7,-19.68836,-19.57529,-19.5351,-19.54468,-19.5058
39.8,-19.71017,-19.57225,-19.51767,-19.5315,-19.50683
39.9,-19.71009,-19.56319,-19.51252,-19.52295,-19.491
40,-19.70664,-19.55238,-19.50723,-19.53309,-19.47309
40.1,-19.69041,-19.5534,-19.52561,-19.54452,-19.46954
40.2,-19.70369,-19.55005,-19.54319,-19.53817,-19.46729
40.3,-19.72874,-19.55837,-19.53493,-19.53998,-19.44446
40.4,-19.76581,-19.57803,-19.53693,-19.53294,-19.43961
40.5,-19.74603,-19.57991,-19.51846,-19.53661,-19.41967
40.6,-19.75768,-19.59245,-19.5314,-19.51609,-19.42537
40.7,-19.729,-19.6078,-19.52414,-19.54136,-19.41243
40.8,-19.71628,-19.60758,-19.51086,-19.53087,-19.40425
40.9,-19.74178,-19.60645,-19.50435,-19.52537,-19.42569
41,-19.72526,-19.613,-19.4991,-19.54978,-19.45106
41.1,-19.72936,-19.59116,-19.48425,-19.54082,-19.44601
41.2,-19.71558,-19.5873,-19.4832,-19.53236,-19.42817
41.3,-19.72892,-19.58205,-19.49508,-19.54936,-19.4359
41.4,-19.71531,-19.57807,-19.49119,-19.55636,-19.43683
41.5,-19.72046,-19.54691,-19.47021,-19.53598,-19.45905
41.6,-19.72704,-19.52895,-19.44245,-19.53971,-19.45883
41.7,-19.74607,-19.53149,-19.46667,-19.54946,-19.44674
41.8,-19.73172,-19.52293,-19.46637,-19.55744,-19.44558
41.9,-19.7306,-19.54843,-19.47762,-19.56161,-19.43438
42,-19.73932,-19.55843,-19.46706,-19.56544,-19.4051
42.1,-19.73412,-19.56061,-19.48158,-19.55907,-19.41143
42.2,-19.75941,-19.54405,-19.50172,-19.56901,-19.40526
42.3,-19.7458,-19.54573,-19.49779,-19.54706,-19.41639
42.4,-19.75398,-19.55867,-19.49678,-19.55114,-19.41731
42.5,-19.7366,-19.56197,-19.48602,-19.5336,-19.42004
42.6,-19.69861,-19.55297,-19.46883,-19.52659,-19.41489
42.7,-19.69814,-19.54684,-19.44859,-19.53915,-19.43321
42.8,-19.69108,-19.5335,-19.45769,-19.53474,-19.43794
42.9,-19.68193,-19.50987,-19.44121,-19.53113,-19.45408
43,-19.68722,-19.52071,-19.44468,-19.54804,-19.45704
43.1,-19.70513,-19.54966,-19.44475,-19.57108,-19.45622
43.2,-19.7251,-19.53907,-19.42207,-19.56073,-19.44558
43.3,-19.72859,-19.54257,-19.41719,-19.56567,-19.45006
43.4,-19.70209,-19.5385,-19.43697,-19.56026,-19.43311
43.5,-19.68725,-19.54285,-19.44765,-19.55781,-19.42883
43.6,-19.6772,-19.56355,-19.44692,-19.55585,-19.4405
43.7,-19.66651,-19.56701,-19.4453,-19.55584,-19.45269
43.8,-19.64593,-19.56607,-19.45186,-19.56283,-19.45417
43.9,-19.64733,-19.55977,-19.45901,-19.56473,-19.44076
44,-19.63817,-19.54665,-19.45112,-19.56111,-19.44853
44.1,-19.61708,-19.54641,-19.45401,-19.5383,-19.46881
44.2,-19.62075,-19.55155,-19.48457,-19.53921,-19.4628
44.3,-19.6057,-19.54183,-19.50727,-19.52023,-19.45903
44.4,-19.6008,-19.53351,-19.48459,-19.51965,-19.43955
44.5,-19.61048,-19.52785,-19.47917,-19.52661,-19.4166
44.6,-19.60594,-19.53327,-19.46093,-19.51846,-19.403
44.7,-19.61445,-19.5278,-19.46921,-19.50856,-19.42037
44.8,-19.62586,-19.52943,-19.49705,-19.50155,-19.41275
44.9,-19.60822,-19.54027,-19.49318,-19.50279,-19.43725
45,-19.60331,-19.53331,-19.48641,-19.48548,-19.43425
45.1,-19.59869,-19.51273,-19.47283,-19.48363,-19.45844
45.2,-19.61908,-19.50967,-19.47298,-19.49089,-19.45525
45.3,-19.61308,-19.53145,-19.45411,-19.49257,-19.44651
45.4,-19.60825,-19.54211,-19.44778,-19.4916,-19.44347
45.5,-19.60548,-19.57878,-19.43494,-19.50146,-19.43601
45.6,-19.62895,-19.57988,-19.43461,-19.48788,-19.44251
45.7,-19.63278,-19.58541,-19.45791,-19.48336,-19.50318
45.8,-19.62486,-19.5826,-19.46115,-19.49163,-19.53116
45.9,-19.62819,-19.56579,-19.45905,-19.51598,-19.52712
46,-19.61847,-19.59181,-19.44489,-19.53173,-19.52102
46.1,-19.61674,-19.5941,-19.4641,-19.53843,-19.52165
46.2,-19.63384,-19.59004,-19.46388,-19.53319,-19.55748
46.3,-19.62522,-19.58721,-19.45273,-19.5437,-19.55065
46.4,-19.62457,-19.57937,-19.4418,-19.52785,-19.53814
46.5,-19.63274,-19.57914,-19.4328,-19.51338,-19.53435
46.6,-19.62058,-19.58888,-19.41539,-19.51383,-19.53338
46.7,-19.62042,-19.59925,-19.39853,-19.51149,-19.5396
46.8,-19.61342,-19.57934,-19.39311,-19.49503,-19.54319
46.9,-19.62037,-19.57971,-19.404,-19.48874,-19.52507
47,-19.60007,-19.57312,-19.42362,-19.49966,-19.53648
47.1,-19.61109,-19.55981,-19.37476,-19.48838,-19.55813
47.2,-19.60663,-19.54157,-19.40016,-19.47533,-19.55303
47.3,-19.63693,-19.53535,-19.3915,-19.51577,-19.54388
47.4,-19.63167,-19.52095,-19.41307,-19.52275,-19.52832
47.5,-19.63299,-19.52085,-19.39999,-19.54274,-19.54505
47.6,-19.62634,-19.50876,-19.40672,-19.54375,-19.53699
47.7,-19.64703,-19.50311,-19.41536,-19.54359,-19.53074
47.8,-19.64026,-19.50488,-19.42817,-19.56834,-19.55992
47.9,-19.63597,-19.50049,-19.42825,-19.56712,-19.56535
48,-19.64969,-19.4913,-19.42594,-19.56577,-19.57018
48.1,-19.63889,-19.48518,-19.4188,-19.56359,-19.56149
48.2,-19.6407,-19.49507,-19.40505,-19.55918,-19.58203
48.3,-19.61305,-19.50921,-19.40377,-19.56138,-19.55359
48.4,-19.60438,-19.49411,-19.40653,-19.56192,-19.54408
48.5,-19.58323,-19.47671,-19.40656,-19.57299,-19.55866
48.6,-19.5953,-19.48618,-19.4037,-19.57028,-19.54561
48.7,-19.58784,-19.49729,-19.39173,-19.54602,-19.52806
48.8,-19.60192,-19.496,-19.40241,-19.56018,-19.53391
48.9,-19.58598,-19.50402,-19.39258,-19.5553,-19.5079
49,-19.57786,-19.49548,-19.36645,-19.53969,-19.5132
49.1,-19.57044,-19.48879,-19.32912,-19.50988,-19.51057
49.2,-19.5683,-19.49972,-19.36593,-19.51678,-19.50133
49.3,-19.56841,-19.49097,-19.3538,-19.50525,-19.49876
49.4,-19.55603,-19.50597,-19.36047,-19.4948,-19.51179
49.5,-19.55006,-19.49948,-19.33706,-19.51729,-19.51725
49.6,-19.5528,-19.48887,-19.34696,-19.5078,-19.50929
49.7,-19.54758,-19.46993,-19.35299,-19.4948,-19.51584
49.8,-19.56493,-19.47972,-19.36248,-19.51772,-19.53771
49.9,-19.56186,-19.47824,-19.36114,-19.51957,-19.53194
50,-19.54038,-19.47791,-19.34943,-19.53136,-19.53651
50.1,-19.55189,-19.47057,-19.36762,-19.5445,-19.5467
50.2,-19.55699,-19.47454,-19.36188,-19.55371,-19.53334
50.3,-19.55083,-19.47909,-19.35373,-19.57574,-19.55833
50.4,-19.5699,-19.46432,-19.36367,-19.57138,-19.58214
50.5,-19.56708,-19.47789,-19.36813,-19.57548,-19.59832
50.6,-19.57189,-19.50067,-19.35071,-19.57081,-19.58414
50.7,-19.59529,-19.49999,-19.36254,-19.58321,-19.59289
50.8,-19.56702,-19.49233,-19.34985,-19.57181,-19.59662
50.9,-19.55888,-19.50317,-19.33929,-19.57879,-19.59596
51,-19.56129,-19.49961,-19.29702,-19.56362,-19.59286
51.1,-19.5431,-19.48912,-19.2968,-19.55574,-19.58898
51.2,-19.54192,-19.45539,-19.30883,-19.54077,-19.57115
51.3,-19.54175,-19.47981,-19.32175,-19.53212,-19.58467
51.4,-19.52269,-19.48077,-19.33322,-19.5292,-19.55516
51.5,-19.50519,-19.47984,-19.33236,-19.51261,-19.55119
51.6,-19.52988,-19.48759,-19.3383,-19.53612,-19.54719
51.7,-19.53206,-19.51137,-19.36022,-19.54242,-19.5325
51.8,-19.52682,-19.49236,-19.33713,-19.54782,-19.53515
51.9,-19.52347,-19.52297,-19.3614,-19.5417,-19.5411
52,-19.53232,-19.52441,-19.35694,-19.53414,-19.54165
52.1,-19.52985,-19.52449,-19.36236,-19.54693,-19.51965
52.2,-19.53,-19.51304,-19.36932,-19.53479,-19.50908
52.3,-19.51497,-19.5339,-19.38323,-19.52272,-19.515
52.4,-19.52342,-19.51852,-19.39241,-19.52583,-19.50799
52.5,-19.5309,-19.52585,-19.38968,-19.51299,-19.50555
52.6,-19.55589,-19.50928,-19.39551,-19.51901,-19.50331
52.7,-19.5549,-19.51872,-19.3962,-19.53049,-19.49564
52.8,-19.55241,-19.54783,-19.38635,-19.54743,-19.48786
52.9,-19.5703,-19.54446,-19.37261,-19.53274,-19.4593
53,-19.57932,-19.55955,-19.39663,-19.51581,-19.46554
53.1,-19.60089,-19.54242,-19.40621,-19.52805,-19.44191
53.2,-19.59967,-19.53181,-19.40687,-19.52876,-19.41431
53.3,-19.56161,-19.53839,-19.38681,-19.52823,-19.39038
53.4,-19.55095,-19.52788,-19.38621,-19.49964,-19.38042
53.5,-19.52584,-19.53258,-19.38648,-19.50046,-19.38874
53.6,-19.5258,-19.52666,-19.38526,-19.49893,-19.39803
53.7,-19.55561,-19.5332,-19.3737,-19.48079,-19.41379
53.8,-19.57964,-19.53581,-19.3729,-19.46667,-19.40997
53.9,-19.59722,-19.54151,-19.39256,-19.49407,-19.40061
54,-19.59442,-19.56941,-19.37048,-19.49403,-19.40755
54.1,-19.59892,-19.58298,-19.36519,-19.47457,-19.39565
54.2,-19.58369,-19.61518,-19.3493,-19.45761,-19.40454
54.3,-19.56713,-19.63936,-19.35685,-19.42865,-19.39117
54.4,-19.58228,-19.61686,-19.35841,-19.43313,-19.39084
54.5,-19.57035,-19.6298,-19.38035,-19.44136,-19.38508
54.6,-19.5607,-19.62397,-19.39205,-19.40706,-19.41363
54.7,-19.55846,-19.63502,-19.40368,-19.41083,-19.41932
54.8,-19.56899,-19.61315,-19.40307,-19.39967,-19.40187
54.9,-19.5733,-19.62169,-19.38639,-19.40203,-19.39813
55,-19.58405,-19.61463,-19.40325,-19.39392,-19.40211
55.1,-19.59091,-19.60775,-19.41407,-19.40144,-19.40057
55.2,-19.63097,-19.59994,-19.4109,-19.40756,-19.4089
55.3,-19.64364,-19.61811,-19.40774,-19.38859,-19.42361
55.4,-19.64051,-19.60989,-19.41019,-19.42271,-19.39735
55.5,-19.63314,-19.5995,-19.40403,-19.44776,-19.41169
55.6,-19.66791,-19.59723,-19.40796,-19.44935,-19.40379
55.7,-19.65489,-19.58385,-19.41555,-19.46448,-19.41887
55.8,-19.68125,-19.58669,-19.43226,-19.48536,-19.42174
55.9,-19.67173,-19.57358,-19.42359,-19.48017,-19.43328
56,-19.66144,-19.55751,-19.3959,-19.47398,-19.43042
56.1,-19.64654,-19.5622,-19.42117,-19.48548,-19.4137
56.2,-19.64288,-19.5647,-19.39983,-19.47388,-19.42029
56.3,-19.64489,-19.57355,-19.38892,-19.45424,-19.41834
56.4,-19.62514,-19.58155,-19.39705,-19.43528,-19.42167
56.5,-19.64195,-19.57625,-19.37331,-19.45809,-19.41843
56.6,-19.63616,-19.58418,-19.36438,-19.44213,-19.43307
56.7,-19.62605,-19.57861,-19.3779,-19.43633,-19.42789
56.8,-19.61125,-19.56447,-19.37086,-19.43833,-19.41763
56.9,-19.60579,-19.54625,-19.36746,-19.44614,-19.42095
57,-19.61746,-19.54582,-19.37191,-19.45305,-19.43588
57.1,-19.61247,-19.5482,-19.37538,-19.42956,-19.42988
57.2,-19.62879,-19.55843,-19.39255,-19.43078,-19.40097
57.3,-19.61961,-19.56121,-19.38083,-19.41852,-19.41615
57.4,-19.63421,-19.54225,-19.38798,-19.41955,-19.41668
57.5,-19.62079,-19.54767,-19.3771,-19.41635,-19.42229
57.6,-19.6468,-19.53427,-19.37154,-19.436,-19.44865
57.7,-19.64173,-19.55668,-19.37006,-19.44274,-19.44743
57.8,-19.63695,-19.56906,-19.38064,-19.44458,-19.46098
57.9,-19.61694,-19.57016,-19.3738,-19.44192,-19.46238
58,-19.62665,-19.57356,-19.35478,-19.4337,-19.46964
58.1,-19.59375,-19.55582,-19.34598,-19.45312,-19.46081
58.2,-19.60703,-19.56573,-19.36406,-19.46459,-19.45674
58.3,-19.61479,-19.5557,-19.35076,-19.47291,-19.4725
58.4,-19.60872,-19.5371,-19.33513,-19.4728,-19.4774
58.5,-19.6076,-19.5397,-19.32596,-19.45056,-19.46084
58.6,-19.60619,-19.54744,-19.32289,-19.458,-19.46095
58.7,-19.61225,-19.55565,-19.3141,-19.46353,-19.4704
58.8,-19.62365,-19.5727,-19.35603,-19.46337,-19.46626
58.9,-19.59493,-19.58218,-19.353,-19.47657,-19.45092
59,-19.5938,-19.57794,-19.35487,-19.46584,-19.45949
59.1,-19.5979,-19.54243,-19.32872,-19.43395,-19.46685
59.2,-19.60339,-19.54692,-19.32379,-19.42388,-19.45827
59.3,-19.60482,-19.5385,-19.33019,-19.42569,-19.4525
59.4,-19.61175,-19.52961,-19.32597,-19.45214,-19.48155
59.5,-19.60427,-19.54559,-19.32077,-19.43222,-19.45813
59.6,-19.59808,-19.53731,-19.33296,-19.42276,-19.4755
59.7,-19.59843,-19.53003,-19.32473,-19.40937,-19.46389
59.8,-19.58638,-19.53192,-19.31662,-19.41795,-19.43462
59.9,-19.58167,-19.5629,-19.30037,-19.42256,-19.40667
60,-19.59046,-19.55274,-19.32064,-19.42777,-19.41728
60.1,-19.61799,-19.53764,-19.33394,-19.42457,-19.40948
60.2,-19.61318,-19.53354,-19.33684,-19.4232,-19.42451
60.3,-19.59753,-19.52808,-19.33175,-19.44149,-19.39346
60.4,-19.59385,-19.52319,-19.3385,-19.42844,-19.43239
60.5,-19.61008,-19.52631,-19.34832,-19.41586,-19.4379
60.6,-19.61225,-19.52396,-19.35042,-19.39244,-19.43158
60.7,-19.60675,-19.51832,-19.35368,-19.39279,-19.43141
60.8,-19.60117,-19.51797,-19.34275,-19.39184,-19.44769
60.9,-19.59561,-19.51268,-19.33804,-19.38566,-19.44109
61,-19.60308,-19.50377,-19.34085,-19.36054,-19.43595
61.1,-19.62747,-19.49046,-19.35651,-19.35099,-19.43517
61.2,-19.62699,-19.50013,-19.35122,-19.3501,-19.42599
61.3,-19.64442,-19.48263,-19.33306,-19.36034,-19.41154
61.4,-19.6455,-19.46305,-19.32082,-19.35742,-19.41841
61.5,-19.62899,-19.46294,-19.32519,-19.34677,-19.44412
61.6,-19.66094,-19.46708,-19.32316,-19.36471,-19.44942
61.7,-19.63575,-19.47015,-19.33141,-19.36752,-19.44589
61.8,-19.64123,-19.47252,-19.3349,-19.38057,-19.42649
61.9,-19.64468,-19.48502,-19.36595,-19.41373,-19.43732
62,-19.66423,-19.48996,-19.39857,-19.41151,-19.4303
62.1,-19.70054,-19.48377,-19.3974,-19.40631,-19.42979
62.2,-19.70359,-19.4851,-19.40784,-19.39398,-19.41314
62.3,-19.68126,-19.47872,-19.40513,-19.37523,-19.41358
62.4,-19.70426,-19.46893,-19.38224,-19.35956,-19.40743
62.5,-19.69445,-19.48047,-19.35248,-19.35373,-19.41877
62.6,-19.70079,-19.47908,-19.34693,-19.37318,-19.42888
62.7,-19.71454,-19.47089,-19.32197,-19.36319,-19.43089
62.8,-19.70193,-19.4461,-19.31424,-19.39477,-19.4147
62.9,-19.71341,-19.43922,-19.30743,-19.40577,-19.40678
63,-19.72073,-19.44779,-19.31195,-19.39179,-19.4005
63.1,-19.72071,-19.41122,-19.28199,-19.39139,-19.40566
63.2,-19.71479,-19.39953,-19.27123,-19.3922,-19.41245
63.3,-19.71055,-19.42102,-19.26575,-19.37193,-19.41944
63.4,-19.71109,-19.41987,-19.2634,-19.37845,-19.43069
63.5,-19.72306,-19.41415,-19.27444,-19.37556,-19.4482
63.6,-19.73051,-19.4302,-19.27936,-19.39067,-19.44606
63.7,-19.75108,-19.42141,-19.29861,-19.39925,-19.44992
63.8,-19.7762,-19.42117,-19.31264,-19.40201,-19.44919
63.9,-19.7729,-19.42917,-19.30854,-19.40903,-19.45673
64,-19.77134,-19.43491,-19.32935,-19.43752,-19.48099
64.1,-19.79,-19.45001,-19.31526,-19.44851,-19.47382
64.2,-19.78168,-19.44729,-19.3267,-19.46482,-19.46752
64.3,-19.78867,-19.42798,-19.30221,-19.45262,-19.46836
64.4,-19.77911,-19.42089,-19.32335,-19.43323,-19.47792
64.5,-19.80347,-19.39493,-19.32491,-19.42332,-19.45927
64.6,-19.79941,-19.40732,-19.36262,-19.4156,-19.45303
64.7,-19.81542,-19.41785,-19.36826,-19.41794,-19.42939
64.8,-19.83796,-19.41309,-19.36796,-19.39889,-19.41115
64.9,-19.82125,-19.39285,-19.37673,-19.38087,-19.42758
65,-19.82213,-19.37465,-19.37566,-19.39074,-19.42417
65.1,-19.80418,-19.36535,-19.35705,-19.40571,-19.44466
65.2,-19.8118,-19.36196,-19.32625,-19.40498,-19.44419
65.3,-19.80401,-19.35258,-19.32885,-19.44198,-19.43672
65.4,-19.77702,-19.38432,-19.34085,-19.41781,-19.43878
65.5,-19.80035,-19.38405,-19.35274,-19.41956,-19.43641
65.6,-19.80943,-19.39732,-19.37191,-19.44007,-19.43767
65.7,-19.81096,-19.39791,-19.36718,-19.4482,-19.44156
65.8,-19.80822,-19.39735,-19.36242,-19.45285,-19.45087
65.9,-19.8166,-19.38817,-19.37029,-19.454,-19.45329
66,-19.81438,-19.3798,-19.36437,-19.43668,-19.45775
66.1,-19.81895,-19.38128,-19.39198,-19.42312,-19.4536
66.2,-19.79475,-19.39164,-19.40765,-19.45426,-19.45399
66.3,-19.80276,-19.38465,-19.40267,-19.43467,-19.4528
66.4,-19.80127,-19.36396,-19.39396,-19.41742,-19.44693
66.5,-19.79358,-19.37812,-19.3944,-19.42005,-19.44527
66.6,-19.80918,-19.38471,-19.40111,-19.43549,-19.43036
66.7,-19.79665,-19.3723,-19.38789,-19.43509,-19.42563
66.8,-19.80055,-19.36982,-19.35395,-19.42846,-19.40993
66.9,-19.79932,-19.36982,-19.34421,-19.41682,-19.40056
67,-19.78662,-19.38798,-19.35056,-19.43938,-19.39766
67.1,-19.76591,-19.38874,-19.35206,-19.45137,-19.40127
67.2,-19.77459,-19.37942,-19.33153,-19.44162,-19.40202
67.3,-19.77693,-19.37028,-19.34071,-19.44782,-19.4097
67.4,-19.78204,-19.37532,-19.31726,-19.45098,-19.40172
67.5,-19.78134,-19.37083,-19.30954,-19.45072,-19.40167
67.6,-19.78864,-19.37447,-19.29156,-19.44431,-19.39546
67.7,-19.80247,-19.40076,-19.2842,-19.44656,-19.36175
67.8,-19.81064,-19.40151,-19.2696,-19.44709,-19.34786
67.9,-19.80725,-19.40142,-19.25931,-19.46333,-19.37424
68,-19.80247,-19.38291,-19.2611,-19.46597,-19.39113
68.1,-19.78176,-19.39327,-19.26534,-19.43031,-19.40765
68.2,-19.77876,-19.37478,-19.26419,-19.43147,-19.42567
68.3,-19.74378,-19.37757,-19.26546,-19.42172,-19.43119
68.4,-19.73651,-19.39316,-19.25909,-19.41666,-19.43347
68.5,-19.71362,-19.36322,-19.27232,-19.4268,-19.43879
68.6,-19.69542,-19.35897,-19.28026,-19.42776,-19.4248
68.7,-19.71642,-19.36653,-19.28992,-19.41623,-19.4138
68.8,-19.72312,-19.36208,-19.28168,-19.44209,-19.40831
68.9,-19.73447,-19.37011,-19.27086,-19.44976,-19.39441
69,-19.72766,-19.3859,-19.28563,-19.45316,-19.41925
69.1,-19.72958,-19.38722,-19.30439,-19.46656,-19.39388
69.2,-19.72664,-19.39239,-19.28978,-19.43765,-19.38581
69.3,-19.72006,-19.38766,-19.30711,-19.42969,-19.38559
69.4,-19.73596,-19.39105,-19.32693,-19.43987,-19.39016
69.5,-19.72274,-19.38208,-19.32794,-19.45705,-19.37709
69.6,-19.71213,-19.37871,-19.31755,-19.43594,-19.39601
69.7,-19.69977,-19.38358,-19.30351,-19.43474,-19.40366
69.8,-19.70818,-19.36028,-19.30933,-19.42348,-19.40093
69.9,-19.69403,-19.3429,-19.33256,-19.42538,-19.39114
70,-19.7023,-19.34867,-19.31772,-19.43207,-19.40101
70.1,-19.69611,-19.31955,-19.32353,-19.42954,-19.41399
70.2,-19.69513,-19.34021,-19.33074,-19.41969,-19.42606
70.3,-19.67003,-19.34368,-19.33905,-19.44022,-19.41379
70.4,-19.63637,-19.33772,-19.32856,-19.4152,-19.41523
70.5,-19.65004,-19.34493,-19.33323,-19.41428,-19.40948
70.6,-19.64956,-19.35118,-19.34548,-19.43347,-19.4079
70.7,-19.62667,-19.35827,-19.33209,-19.43871,-19.40106
70.8,-19.62213,-19.36234,-19.34787,-19.43708,-19.39112
70.9,-19.62822,-19.35253,-19.34778,-19.4184,-19.3905
71,-19.65216,-19.35311,-19.35892,-19.41328,-19.3854
71.1,-19.6717,-19.35737,-19.3469,-19.42032,-19.36641
71.2,-19.62121,-19.3556,-19.32571,-19.4164,-19.38862
71.3,-19.63466,-19.36795,-19.33562,-19.45417,-19.39652
71.4,-19.65383,-19.38982,-19.34182,-19.44545,-19.40679
71.5,-19.63831,-19.36763,-19.34051,-19.42956,-19.42858
71.6,-19.63464,-19.37251,-19.34094,-19.43897,-19.42305
71.7,-19.6333,-19.37683,-19.33565,-19.43454,-19.45659
71.8,-19.63052,-19.37174,-19.36822,-19.42888,-19.45048
71.9,-19.62878,-19.36677,-19.35758,-19.42746,-19.45177
72,-19.64361,-19.3734,-19.35923,-19.43345,-19.44341
72.1,-19.62983,-19.3582,-19.37315,-19.42222,-19.43459
72.2,-19.64386,-19.34219,-19.35943,-19.41879,-19.41035
72.3,-19.64525,-19.34007,-19.34636,-19.41649,-19.39073
72.4,-19.64777,-19.35901,-19.35814,-19.40413,-19.38676
72.5,-19.64864,-19.33986,-19.36011,-19.43642,-19.39044
72.6,-19.64216,-19.33361,-19.36299,-19.43998,-19.41356
72.7,-19.65941,-19.3388,-19.3775,-19.43218,-19.39972
72.8,-19.66698,-19.349,-19.38447,-19.45491,-19.38942
72.9,-19.67725,-19.35765,-19.37373,-19.47856,-19.40664
73,-19.68897,-19.35479,-19.36474,-19.49155,-19.40279
73.1,-19.66587,-19.34844,-19.36063,-19.46755,-19.39006
73.2,-19.69179,-19.33204,-19.36248,-19.45927,-19.38152
73.3,-19.70117,-19.32537,-19.35966,-19.45886,-19.37689
73.4,-19.68968,-19.31227,-19.35599,-19.44887,-19.39274
73.5,-19.70887,-19.33352,-19.36003,-19.45862,-19.40436
73.6,-19.68793,-19.34136,-19.36144,-19.45197,-19.38776
73.7,-19.67858,-19.34243,-19.3738,-19.42673,-19.38864
73.8,-19.65769,-19.33389,-19.35349,-19.41609,-19.36905
73.9,-19.64818,-19.35096,-19.35032,-19.4058,-19.37895
74,-19.66155,-19.35542,-19.34321,-19.42088,-19.38314
74.1,-19.66589,-19.34078,-19.34071,-19.41262,-19.40501
74.2,-19.65626,-19.35701,-19.36487,-19.39756,-19.40905
74.3,-19.63085,-19.32885,-19.36421,-19.3985,-19.3952
74.4,-19.63572,-19.33225,-19.35504,-19.38108,-19.37146
74.5,-19.60894,-19.31925,-19.34623,-19.39941,-19.36951
74.6,-19.60586,-19.3218,-19.3675,-19.3898,-19.38251
74.7,-19.59563,-19.32448,-19.33876,-19.37731,-19.39324
74.8,-19.61011,-19.32959,-19.34134,-19.38713,-19.39682
74.9,-19.60494,-19.33173,-19.35002,-19.38175,-19.4096
75,-19.60681,-19.329,-19.34342,-19.38418,-19.41293
75.1,-19.60741,-19.31431,-19.33388,-19.38464,-19.40184
75.2,-19.59824,-19.31091,-19.33255,-19.39157,-19.38289
75.3,-19.60704,-19.33581,-19.32368,-19.38629,-19.38312
75.4,-19.59581,-19.32671,-19.30667,-19.38751,-19.39911
75.5,-19.59855,-19.33974,-19.3032,-19.37433,-19.36682
75.6,-19.57006,-19.37378,-19.30602,-19.36779,-19.34705
75.7,-19.56541,-19.37877,-19.30009,-19.38017,-19.32937
75.8,-19.5655,-19.37975,-19.30856,-19.4059,-19.32105
75.9,-19.57418,-19.37956,-19.32245,-19.40566,-19.33315
76,-19.57146,-19.36578,-19.30606,-19.37934,-19.34623
76.1,-19.57857,-19.3957,-19.31259,-19.36874,-19.35113
76.2,-19.58486,-19.40717,-19.30113,-19.34687,-19.36219
76.3,-19.60923,-19.42224,-19.28178,-19.34654,-19.35518
76.4,-19.59188,-19.44983,-19.26439,-19.34297,-19.34002
76.5,-19.60872,-19.44959,-19.26339,-19.37184,-19.34714
76.6,-19.59365,-19.45657,-19.283,-19.37595,-19.33843
76.7,-19.56699,-19.48904,-19.28769,-19.37726,-19.35137
76.8,-19.56568,-19.48243,-19.28892,-19.38623,-19.34177
76.9,-19.58071,-19.49725,-19.28341,-19.41054,-19.33023
77,-19.58095,-19.50631,-19.26286,-19.40614,-19.32246
77.1,-19.59542,-19.50991,-19.28345,-19.40077,-19.32857
77.2,-19.59159,-19.50724,-19.29244,-19.40074,-19.33514
77.3,-19.60645,-19.50501,-19.27908,-19.41132,-19.31912
77.4,-19.5873,-19.50473,-19.27094,-19.37946,-19.32152
77.5,-19.55987,-19.48611,-19.28047,-19.37283,-19.33173
77.6,-19.53831,-19.48971,-19.29926,-19.38315,-19.33366
77.7,-19.55233,-19.50145,-19.32055,-19.3717,-19.34689
77.8,-19.58801,-19.5131,-19.33461,-19.36484,-19.35564
77.9,-19.5991,-19.49519,-19.34394,-19.36114,-19.37279
78,-19.60511,-19.50631,-19.36363,-19.35938,-19.36579
78.1,-19.5894,-19.50304,-19.35274,-19.36846,-19.36454
78.2,-19.58727,-19.52934,-19.34013,-19.34281,-19.37278
78.3,-19.57609,-19.52524,-19.33263,-19.33954,-19.38344
78.4,-19.56021,-19.54332,-19.33827,-19.34723,-19.38397
78.5,-19.54875,-19.56518,-19.33583,-19.35256,-19.38589
78.6,-19.55743,-19.57345,-19.34455,-19.36518,-19.40763
78.7,-19.53011,-19.5736,-19.35008,-19.38213,-19.38258
78.8,-19.53763,-19.56989,-19.34662,-19.374,-19.38398
78.9,-19.54108,-19.582,-19.35241,-19.37945,-19.39341
79,-19.52672,-19.59763,-19.35393,-19.35913,-19.39657
79.1,-19.53938,-19.56452,-19.33842,-19.38032,-19.41326
79.2,-19.53018,-19.55598,-19.3494,-19.37353,-19.39332
79.3,-19.52287,-19.55539,-19.34848,-19.35567,-19.3769
79.4,-19.53755,-19.52381,-19.34337,-19.35535,-19.38174
79.5,-19.52173,-19.52631,-19.32686,-19.3547,-19.35583
79.6,-19.52888,-19.52781,-19.3329,-19.37134,-19.33712
79.7,-19.54039,-19.52626,-19.34881,-19.35999,-19.35024
79.8,-19.53029,-19.53525,-19.35352,-19.34774,-19.34935
79.9,-19.52864,-19.54568,-19.37322,-19.34763,-19.35865
80,-19.52386,-19.56214,-19.37178,-19.35025,-19.3664
80.1,-19.52897,-19.56318,-19.38962,-19.35319,-19.35402
80.2,-19.55857,-19.54658,-19.37995,-19.34192,-19.34171
80.3,-19.56375,-19.53,-19.38451,-19.34624,-19.35684
80.4,-19.56555,-19.50934,-19.36063,-19.36112,-19.3559
80.5,-19.58158,-19.52749,-19.35559,-19.37133,-19.36289
80.6,-19.59003,-19.55107,-19.34769,-19.37506,-19.3551
80.7,-19.59008,-19.53858,-19.35857,-19.36817,-19.36175
80.8,-19.59747,-19.54416,-19.34317,-19.37236,-19.35053
80.9,-19.59444,-19.54097,-19.36823,-19.39071,-19.35752
81,-19.58171,-19.54049,-19.35475,-19.39686,-19.37251
81.1,-19.56713,-19.53668,-19.33403,-19.38339,-19.40038
81.2,-19.55039,-19.5356,-19.32961,-19.3978,-19.38627
81.3,-19.54324,-19.54209,-19.35828,-19.40905,-19.39972
81.4,-19.54237,-19.53323,-19.35611,-19.43734,-19.41512
81.5,-19.55301,-19.51785,-19.35909,-19.43847,-19.42317
81.6,-19.55136,-19.52103,-19.3646,-19.42818,-19.42589
81.7,-19.58599,-19.51251,-19.37704,-19.41905,-19.42679
81.8,-19.57266,-19.51108,-19.36329,-19.39319,-19.42782
81.9,-19.56166,-19.51366,-19.36046,-19.39021,-19.41606
82,-19.55614,-19.49713,-19.36189,-19.40048,-19.4289
82.1,-19.55199,-19.49472,-19.37565,-19.36162,-19.43521
82.2,-19.56269,-19.49509,-19.37469,-19.35276,-19.4566
82.3,-19.54715,-19.47844,-19.38375,-19.35287,-19.42821
82.4,-19.53908,-19.47648,-19.39656,-19.3521,-19.43389
82.5,-19.53669,-19.48586,-19.40299,-19.34972,-19.39926
82.6,-19.54227,-19.50502,-19.42864,-19.34418,-19.4019
82.7,-19.5135,-19.50112,-19.42547,-19.34048,-19.38111
82.8,-19.51827,-19.50661,-19.44419,-19.34129,-19.39428
82.9,-19.53538,-19.50332,-19.43019,-19.33316,-19.40103
83,-19.54397,-19.49672,-19.42152,-19.32672,-19.41938
83.1,-19.52652,-19.5016,-19.41566,-19.33541,-19.42534
83.2,-19.52702,-19.5075,-19.42599,-19.33117,-19.44409
83.3,-19.53549,-19.4969,-19.425,-19.31904,-19.43756
83.4,-19.51939,-19.49978,-19.42168,-19.33582,-19.44123
83.5,-19.5429,-19.48551,-19.4221,-19.35318,-19.44745
83.6,-19.562,-19.46933,-19.4383,-19.34172,-19.41933
83.7,-19.54012,-19.4677,-19.42082,-19.35476,-19.42441
83.8,-19.52797,-19.47326,-19.42489,-19.36956,-19.42847
83.9,-19.50379,-19.46697,-19.40385,-19.3586,-19.44368
84,-19.51233,-19.4946,-19.42048,-19.35186,-19.43851
84.1,-19.51704,-19.5008,-19.43231,-19.35359,-19.44713
84.2,-19.5015,-19.50285,-19.42816,-19.34379,-19.43369
84.3,-19.5086,-19.49201,-19.42192,-19.35728,-19.43898
84.4,-19.50782,-19.49383,-19.40462,-19.37664,-19.43795
84.5,-19.50625,-19.52352,-19.3903,-19.35643,-19.45913
84.6,-19.48398,-19.5231,-19.37494,-19.38339,-19.44264
84.7,-19.47683,-19.49968,-19.3833,-19.40055,-19.40893
84.8,-19.48183,-19.50519,-19.3952,-19.37979,-19.41052
84.9,-19.48855,-19.51254,-19.41231,-19.37106,-19.41903
85,-19.48281,-19.48498,-19.39983,-19.39426,-19.39696
85.1,-19.47958,-19.48361,-19.4,-19.38095,-19.39639
85.2,-19.4573,-19.48761,-19.3943,-19.37336,-19.38819
85.3,-19.46391,-19.49696,-19.38731,-19.37512,-19.40036
85.4,-19.44536,-19.48112,-19.39673,-19.36071,-19.41668
85.5,-19.44568,-19.48459,-19.37848,-19.36305,-19.39377
85.6,-19.44039,-19.452,-19.37777,-19.3582,-19.3953
85.7,-19.42217,-19.45732,-19.38712,-19.35336,-19.38476
85.8,-19.42194,-19.45683,-19.39314,-19.35461,-19.38395
85.9,-19.40868,-19.45544,-19.39547,-19.36044,-19.3854
86,-19.43077,-19.46856,-19.36996,-19.34948,-19.38585
86.1,-19.44543,-19.43701,-19.37864,-19.31896,-19.38492
86.2,-19.44212,-19.44178,-19.37003,-19.41999,-19.39845
86.3,-19.44533,-19.43438,-19.36475,-19.42093,-19.42428
86.4,-19.45977,-19.44435,-19.36836,-19.42599,-19.4375
86.5,-19.475,-19.46722,-19.38252,-19.40729,-19.46034
86.6,-19.45644,-19.48245,-19.39875,-19.40302,-19.44077
86.7,-19.45288,-19.49793,-19.38939,-19.41823,-19.44874
86.8,-19.42786,-19.47167,-19.37062,-19.38982,-19.45188
86.9,-19.41984,-19.46258,-19.36662,-19.37449,-19.44408
87,-19.42114,-19.47179,-19.37394,-19.36488,-19.4627
87.1,-19.41232,-19.47499,-19.38654,-19.37125,-19.45791
87.2,-19.40399,-19.4791,-19.39688,-19.37118,-19.4585
87.3,-19.42223,-19.48564,-19.37529,-19.39631,-19.45042
87.4,-19.42459,-19.47431,-19.37238,-19.40026,-19.43184
87.5,-19.40837,-19.48998,-19.37258,-19.39334,-19.4202
87.6,-19.36575,-19.51752,-19.36073,-19.40419,-19.43746
87.7,-19.32895,-19.51782,-19.35024,-19.4157,-19.4501
87.8,-19.44924,-19.50781,-19.33275,-19.41815,-19.43929
87.9,-19.42697,-19.51005,-19.32462,-19.40728,-19.41487
88,-19.4562,-19.51744,-19.31281,-19.42665,-19.4197
88.1,-19.46084,-19.5108,-19.30598,-19.42973,-19.42134
88.2,-19.46855,-19.50164,-19.30882,-19.40476,-19.41711
88.3,-19.48291,-19.49311,-19.27469,-19.44237,-19.42129
88.4,-19.47962,-19.47828,-19.26374,-19.44253,-19.40346
88.5,-19.47336,-19.46832,-19.38159,-19.45946,-19.40205
88.6,-19.46713,-19.4461,-19.37706,-19.46434,-19.41752
88.7,-19.46645,-19.45072,-19.40159,-19.44834,-19.41635
88.8,-19.48277,-19.4394,-19.38902,-19.43395,-19.43863
88.9,-19.47171,-19.4541,-19.37903,-19.43153,-19.4391
89,-19.47588,-19.44654,-19.40652,-19.42592,-19.43907
89.1,-19.45765,-19.40919,-19.44109,-19.40591,-19.46373
89.2,-19.44524,-19.4139,-19.4404,-19.41156,-19.45776
89.3,-19.43934,-19.40283,-19.40519,-19.4414,-19.45994
89.4,-19.44157,-19.42729,-19.3907,-19.42817,-19.44708
89.5,-19.4331,-19.42686,-19.38535,-19.41261,-19.47126
89.6,-19.44681,-19.41047,-19.36851,-19.39717,-19.47183
89.7,-19.46948,-19.39086,-19.38242,-19.38253,-19.46664
89.8,-19.45729,-19.3915,-19.37273,-19.40038,-19.45823
89.9,-19.44483,-19.39317,-19.36258,-19.39267,-19.45216
90,-19.43363,-19.40815,-19.36443,-19.38348,-19.44949
90.1,-19.42846,-19.3872,-19.35761,-19.37671,-19.43263
90.2,-19.43099,-19.39413,-19.33255,-19.37326,-19.44861
90.3,-19.44253,-19.3945,-19.33752,-19.36556,-19.45364
90.4,-19.42904,-19.39425,-19.3291,-19.35934,-19.46183
90.5,-19.44932,-19.42596,-19.33658,-19.3682,-19.46519
90.6,-19.45668,-19.39225,-19.33073,-19.36008,-19.46277
90.7,-19.45728,-19.37993,-19.30781,-19.36723,-19.46892
90.8,-19.48209,-19.38536,-19.31062,-19.40557,-19.49849
90.9,-19.47566,-19.40266,-19.30199,-19.39951,-19.49633
91,-19.45874,-19.39536,-19.2954,-19.41111,-19.51414
91.1,-19.46161,-19.39174,-19.28573,-19.41826,-19.52492
91.2,-19.44135,-19.40681,-19.26613,-19.38686,-19.53354
91.3,-19.45425,-19.41492,-19.26804,-19.37893,-19.5275
91.4,-19.47774,-19.41142,-19.2917,-19.35691,-19.52897
91.5,-19.47701,-19.42441,-19.29907,-19.35081,-19.5207
91.6,-19.4872,-19.40241,-19.3112,-19.36459,-19.51
91.7,-19.46974,-19.38872,-19.30909,-19.37996,-19.50948
91.8,-19.50723,-19.38707,-19.28638,-19.39875,-19.51909
91.9,-19.50949,-19.3852,-19.29065,-19.40638,-19.49917
92,-19.51641,-19.38759,-19.32213,-19.4219,-19.49963
92.1,-19.5046,-19.37919,-19.33313,-19.41835,-19.49477
92.2,-19.50519,-19.35997,-19.3494,-19.41841,-19.48602
92.3,-19.48934,-19.34467,-19.35033,-19.42224,-19.50748
92.4,-19.46878,-19.35494,-19.34557,-19.41055,-19.50919
92.5,-19.46967,-19.36037,-19.38296,-19.40775,-19.49444
92.6,-19.46828,-19.36861,-19.37987,-19.41553,-19.50419
92.7,-19.47135,-19.35309,-19.39528,-19.39358,-19.49691
92.8,-19.46624,-19.35255,-19.39824,-19.40742,-19.50946
92.9,-19.47937,-19.35043,-19.39221,-19.39745,-19.49299
93,-19.48352,-19.36215,-19.40881,-19.36262,-19.52046
93.1,-19.47643,-19.33501,-19.39215,-19.38485,-19.49223
93.2,-19.47422,-19.35157,-19.39373,-19.38703,-19.49163
93.3,-19.46272,-19.36631,-19.38334,-19.39458,-19.48643
93.4,-19.48212,-19.37129,-19.38992,-19.39919,-19.51765
93.5,-19.49001,-19.38115,-19.38733,-19.39739,-19.52447
93.6,-19.50717,-19.38119,-19.38015,-19.39076,-19.53325
93.7,-19.4954,-19.37685,-19.38397,-19.40353,-19.5127
93.8,-19.49371,-19.37301,-19.38358,-19.38478,-19.51773
93.9,-19.50421,-19.36682,-19.37893,-19.36456,-19.52168
94,-19.50178,-19.37511,-19.39183,-19.36528,-19.52305
94.1,-19.50925,-19.35706,-19.38542,-19.37419,-19.5073
94.2,-19.51557,-19.38006,-19.40399,-19.35582,-19.5045
94.3,-19.52628,-19.35394,-19.41284,-19.34661,-19.49282
94.4,-19.50356,-19.37272,-19.42003,-19.33091,-19.48701
94.5,-19.5166,-19.37074,-19.43577,-19.34332,-19.48408
94.6,-19.49726,-19.35002,-19.42848,-19.33753,-19.47277
94.7,-19.48924,-19.35592,-19.41484,-19.33215,-19.48494
94.8,-19.49487,-19.34636,-19.42264,-19.33724,-19.48981
94.9,-19.47194,-19.34789,-19.40636,-19.34861,-19.48642
95,-19.46493,-19.36137,-19.4123,-19.34791,-19.48356
95.1,-19.4703,-19.36163,-19.38644,-19.34665,-19.49412
95.2,-19.48149,-19.36387,-19.39266,-19.34837,-19.4923
95.3,-19.46307,-19.35198,-19.39657,-19.35782,-19.47497
95.4,-19.46305,-19.34344,-19.3804,-19.38035,-19.47535
95.5,-19.46698,-19.34251,-19.40553,-19.38317,-19.46077
95.6,-19.46831,-19.34005,-19.40525,-19.39198,-19.46781
95.7,-19.47219,-19.33516,-19.41756,-19.39932,-19.46768
95.8,-19.48769,-19.32509,-19.40043,-19.40664,-19.44879
95.9,-19.48829,-19.33329,-19.40068,-19.414,-19.44526
96,-19.49505,-19.33564,-19.40265,-19.41737,-19.45972
96.1,-19.48202,-19.33977,-19.40024,-19.41128,-19.46444
96.2,-19.45954,-19.33579,-19.41186,-19.39325,-19.47995
96.3,-19.4677,-19.34957,-19.41483,-19.38528,-19.4893
96.4,-19.46904,-19.3536,-19.41991,-19.37108,-19.50566
96.5,-19.47775,-19.34269,-19.41626,-19.35334,-19.5051
96.6,-19.47103,-19.35077,-19.40994,-19.34622,-19.5019
96.7,-19.46055,-19.33482,-19.39516,-19.37276,-19.47893
96.8,-19.47439,-19.31061,-19.41747,-19.37039,-19.46891
96.9,-19.48759,-19.33457,-19.39418,-19.39938,-19.44973
97,-19.50168,-19.34552,-19.39212,-19.37354,-19.43719
97.1,-19.47846,-19.36886,-19.37398,-19.39622,-19.4386
97.2,-19.48116,-19.38421,-19.36512,-19.40152,-19.4309
97.3,-19.47024,-19.39932,-19.35964,-19.40862,-19.43066
97.4,-19.48996,-19.38578,-19.35555,-19.40589,-19.43931
97.5,-19.49212,-19.3795,-19.35348,-19.3991,-19.45727
97.6,-19.52296,-19.37278,-19.3594,-19.40535,-19.45069
97.7,-19.52634,-19.37357,-19.36162,-19.36127,-19.43462
97.8,-19.51318,-19.37767,-19.36006,-19.36211,-19.42479
97.9,-19.5034,-19.38814,-19.39153,-19.39801,-19.41809
98,-19.51669,-19.38262,-19.37578,-19.37183,-19.41556
98.1,-19.50426,-19.38093,-19.38088,-19.37112,-19.40605
98.2,-19.51587,-19.37747,-19.37201,-19.38454,-19.41402
98.3,-19.52392,-19.37375,-19.36578,-19.37337,-19.44042
98.4,-19.54116,-19.36833,-19.37921,-19.36214,-19.41572
98.5,-19.53495,-19.35508,-19.36927,-19.32943,-19.39553
98.6,-19.54833,-19.35559,-19.36849,-19.33002,-19.41897
98.7,-19.53907,-19.34789,-19.38264,-19.33857,-19.4264
98.8,-19.51455,-19.34771,-19.37178,-19.33232,-19.43326
98.9,-19.49814,-19.3437,-19.35944,-19.37043,-19.43507
99,-19.49168,-19.35836,-19.37693,-19.38017,-19.45275
99.1,-19.45319,-19.35568,-19.41512,-19.37414,-19.40579
99.2,-19.46316,-19.34974,-19.3998,-19.36289,-19.41825
99.3,-19.44392,-19.358,-19.38785,-19.36544,-19.41575
99.4,-19.4394,-19.33121,-19.39935,-19.3809,-19.41775
99.5,-19.42992,-19.3318,-19.4029,-19.38395,-19.43256
99.6,-19.42769,-19.32616,-19.39696,-19.37144,-19.43584
99.7,-19.42353,-19.32472,-19.38418,-19.37949,-19.43118
99.8,-19.41591,-19.31118,-19.40017,-19.37429,-19.43671
99.9,-19.44741,-19.33275,-19.41314,-19.37249,-19.44488
100,-19.43465,-19.3118,-19.42104,-19.40358,-19.46034
100.1,-19.4535,-19.31848,-19.41819,-19.39832,-19.45579
100.2,-19.46778,-19.29709,-19.42309,-19.38518,-19.4618
100.3,-19.48766,-19.30243,-19.44338,-19.38971,-19.4266
100.4,-19.48607,-19.30183,-19.44057,-19.40403,-19.42963
100.5,-19.45879,-19.29151,-19.44021,-19.4051,-19.42464
100.6,-19.44997,-19.29103,-19.4091,-19.41161,-19.43427
100.7,-19.47313,-19.29128,-19.41203,-19.39839,-19.43596
100.8,-19.46094,-19.29129,-19.41668,-19.38715,-19.41846
100.9,-19.47498,-19.30105,-19.44473,-19.40166,-19.40947
101,-19.47301,-19.29239,-19.42126,-19.38655,-19.40437
101.1,-19.45879,-19.28196,-19.4013,-19.37699,-19.41325
101.2,-19.42771,-19.27048,-19.41309,-19.36207,-19.39344
101.3,-19.40936,-19.26185,-19.42517,-19.35138,-19.38877
101.4,-19.39493,-19.27867,-19.38878,-19.36011,-19.36643
101.5,-19.40333,-19.27855,-19.40592,-19.35008,-19.38723
101.6,-19.40322,-19.24799,-19.38882,-19.34782,-19.3929
101.7,-19.38483,-19.2452,-19.38189,-19.33116,-19.41037
101.8,-19.38254,-19.23539,-19.3801,-19.34115,-19.40498
101.9,-19.36097,-19.24735,-19.37608,-19.34152,-19.38822
102,-19.35041,-19.23519,-19.40434,-19.34495,-19.37732
102.1,-19.3531,-19.2304,-19.40789,-19.36414,-19.38994
102.2,-19.34242,-19.20585,-19.41912,-19.3471,-19.42427
102.3,-19.32251,-19.19935,-19.40455,-19.33751,-19.43216
102.4,-19.35429,-19.19592,-19.39483,-19.30767,-19.44252
102.5,-19.34957,-19.18147,-19.38476,-19.29571,-19.44347
102.6,-19.34819,-19.16637,-19.37889,-19.30428,-19.44049
102.7,-19.35566,-19.16534,-19.36455,-19.29724,-19.44452
102.8,-19.34554,-19.17076,-19.35517,-19.29973,-19.43651
102.9,-19.35244,-19.17601,-19.37008,-19.29972,-19.4383
103,-19.36086,-19.18951,-19.36741,-19.30469,-19.44078
103.1,-19.37478,-19.19086,-19.35498,-19.30078,-19.42384
103.2,-19.35323,-19.18509,-19.34535,-19.31023,-19.40844
103.3,-19.34832,-19.19861,-19.32764,-19.32202,-19.44004
103.4,-19.35907,-19.19811,-19.3223,-19.30613,-19.43602
103.5,-19.36362,-19.19632,-19.32744,-19.29598,-19.44482
103.6,-19.36881,-19.18464,-19.32475,-19.30357,-19.43846
103.7,-19.35755,-19.21145,-19.33498,-19.32504,-19.44405
103.8,-19.36284,-19.2123,-19.31896,-19.34434,-19.46387
103.9,-19.36867,-19.21365,-19.31111,-19.3176,-19.46266
104,-19.35296,-19.23452,-19.31344,-19.32787,-19.43381
104.1,-19.34555,-19.2407,-19.31673,-19.33061,-19.42678
104.2,-19.3334,-19.26643,-19.31442,-19.33569,-19.43094
104.3,-19.35468,-19.2494,-19.29801,-19.35764,-19.4036
104.4,-19.37463,-19.25587,-19.31628,-19.35608,-19.39392
104.5,-19.41758,-19.2348,-19.31395,-19.36529,-19.42033
104.6,-19.40568,-19.25714,-19.3198,-19.3597,-19.40441
104.7,-19.42958,-19.26222,-19.33464,-19.35745,-19.39976
104.8,-19.44278,-19.26695,-19.34869,-19.36079,-19.41304
104.9,-19.43706,-19.26423,-19.33281,-19.34965,-19.44239
105,-19.42312,-19.25725,-19.33719,-19.37751,-19.45493
105.1,-19.41933,-19.24263,-19.35566,-19.3639,-19.46119
105.2,-19.3841,-19.23316,-19.3486,-19.36108,-19.46649
105.3,-19.36973,-19.21861,-19.35129,-19.36442,-19.45565
105.4,-19.35855,-19.20968,-19.35036,-19.3489,-19.43602
105.5,-19.35262,-19.18375,-19.34701,-19.35241,-19.41428
105.6,-19.36915,-19.16946,-19.3731,-19.35008,-19.42748
105.7,-19.38112,-19.16481,-19.38551,-19.35736,-19.44579
105.8,-19.38258,-19.15814,-19.3883,-19.34412,-19.43276
105.9,-19.3811,-19.12918,-19.39585,-19.34713,-19.41021
106,-19.36763,-19.10502,-19.38511,-19.36865,-19.4005
106.1,-19.35212,-19.06978,-19.38516,-19.36428,-19.39301
106.2,-19.35576,-19.01449,-19.37997,-19.35945,-19.40401
106.3,-19.33886,-18.98772,-19.39955,-19.34889,-19.41572
106.4,-19.3436,-18.93822,-19.41961,-19.32983,-19.43829
106.5,-19.34794,-18.89947,-19.41117,-19.35016,-19.43726
106.6,-19.36977,-18.85149,-19.41908,-19.33838,-19.44614
106.7,-19.36626,-18.75587,-19.43097,-19.32132,-19.442
106.8,-19.36829,-18.67006,-19.42772,-19.32522,-19.40741
106.9,-19.34791,-18.56941,-19.4479,-19.3443,-19.39656
107,-19.35592,-18.4505,-19.44911,-19.33947,-19.37733
107.1,-19.36688,-18.32901,-19.45829,-19.33925,-19.37783
107.2,-19.36459,-18.34818,-19.45222,-19.33993,-19.35579
107.3,-19.37906,-18.245,-19.43393,-19.33116,-19.34209
107.4,-19.38192,-18.11266,-19.44777,-19.33963,-19.34497
107.5,-19.38092,-17.96538,-19.47522,-19.35344,-19.33082
107.6,-19.37773,-17.82883,-19.48757,-19.38736,-19.33106
107.7,-19.37001,-17.69049,-19.49022,-19.39343,-19.3357
107.8,-19.35885,-17.53301,-19.51709,-19.39483,-19.334
107.9,-19.35514,-17.36407,-19.52369,-19.40068,-19.34735
108,-19.35459,-17.17593,-19.52405,-19.42438,-19.3626
108.1,-19.34046,-16.97241,-19.55676,-19.40786,-19.36599
108.2,-19.45429,-16.75089,-19.55573,-19.43098,-19.3514
108.3,-19.47612,-16.50178,-19.5827,-19.43853,-19.36056
108.4,-19.49521,-16.20783,-19.59194,-19.43773,-19.35788
108.5,-19.50034,-15.85575,-19.59962,-19.43167,-19.3287
108.6,-19.51714,-15.59962,-19.60124,-19.44925,-19.3272
108.7,-19.54233,-15.4304,-19.61596,-19.4458,-19.29865
108.8,-19.54258,-15.05084,-19.6083,-19.46968,-19.29133
108.9,-19.56492,-14.60237,-19.6011,-19.44811,-19.2807
109,-19.59674,-14.44989,-19.61406,-19.42473,-19.28147
109.1,-19.60092,-14.14733,-19.61245,-19.45477,-19.30408
109.2,-19.62378,-13.83351,-19.60942,-19.47558,-19.31067
109.3,-19.60407,-13.64356,-19.61784,-19.47212,-19.32451
109.4,-19.60902,-13.43835,-19.65689,-19.45554,-19.31844
109.5,-19.61066,-14.01927,-19.68505,-19.44834,-19.32672
109.6,-19.63119,-13.50974,-19.70299,-19.44382,-19.32574
109.7,-19.62898,-13.57785,-19.71068,-19.4531,-19.33708
109.8,-19.63838,-13.51193,-19.71373,-19.45388,-19.36091
109.9,-19.62214,-13.798,-19.69476,-19.4857,-19.38283
110,-19.60609,-14.00743,-19.6921,-19.47955,-19.38071
110.1,-19.61884,-14.43316,-19.69747,-19.48384,-19.38612
110.2,-19.58869,-14.20247,-19.7096,-19.4784,-19.39839
110.3,-19.58842,-13.95559,-19.70183,-19.47954,-19.388
110.4,-19.55736,-14.55697,-19.73919,-19.49188,-19.37765
110.5,-19.56428,-14.66806,-19.77472,-19.51564,-19.35563
110.6,-19.56676,-14.64002,-19.78184,-19.53051,-19.36335
110.7,-19.55578,-14.83486,-19.78525,-19.53617,-19.3603
110.8,-19.56635,-15.05709,-19.78736,-19.55591,-19.36033
110.9,-19.5743,-15.76907,-19.79393,-19.54514,-19.37351
111,-19.55172,-15.39555,-19.80366,-19.57116,-19.35295
111.1,-19.54053,-15.07602,-19.80698,-19.56259,-19.35651
111.2,-19.53495,-14.96215,-19.80822,-19.57123,-19.33844
111.3,-19.53805,-14.91347,-19.80891,-19.56466,-19.33439
111.4,-19.54196,-14.40106,-19.81491,-19.56212,-19.31904
111.5,-19.55751,-14.39667,-19.82862,-19.55826,-19.3314
111.6,-19.59436,-14.65695,-19.83423,-19.55393,-19.33297
111.7,-19.62328,-14.43822,-19.8491,-19.56655,-19.32191
111.8,-19.66162,-14.12166,-19.83971,-19.57941,-19.32296
111.9,-19.65018,-13.87738,-19.85312,-19.59994,-19.34395
112,-19.66688,-13.58009,-19.84537,-19.61006,-19.32438
112.1,-19.67984,-13.09537,-19.86133,-19.6185,-19.33619
112.2,-19.71591,-12.63633,-19.88022,-19.61422,-19.32585
112.3,-19.73185,-12.06798,-19.91317,-19.62649,-19.33319
112.4,-19.76585,-11.52033,-19.915,-19.65139,-19.33581
112.5,-19.77976,-10.98015,-19.90938,-19.67984,-19.33534
112.6,-19.75937,-10.39857,-19.89998,-19.71781,-19.31025
112.7,-19.75797,-9.65512,-19.89546,-19.75568,-19.30598
112.8,-19.74879,-8.86097,-19.89029,-19.75417,-19.29678
112.9,-19.76506,-7.97878,-19.97825,-19.77715,-19.30782
113,-19.78522,-6.97854,-19.97172,-19.76978,-19.33011
113.1,-19.80393,-5.89911,-19.99341,-19.77616,-19.34619
113.2,-19.79143,-5.07991,-19.98224,-19.81496,-19.3349
113.3,-19.78128,-3.91694,-19.97936,-19.83254,-19.33422
113.4,-19.77893,-3.73039,-19.99694,-19.85372,-19.32038
113.5,-19.7952,-3.22105,-20.02574,-19.87857,-19.32364
113.6,-19.7995,-2.35815,-20.03987,-19.91246,-19.31472
113.7,-19.80605,-2.38006,-20.04726,-19.92871,-19.30926
113.8,-19.80869,-1.72498,-20.0395,-19.95347,-19.33053
113.9,-19.81015,-1.31209,-20.06116,-19.94608,-19.34088
114,-19.80324,-1.09637,-20.06694,-19.96793,-19.35961
114.1,-19.80585,-0.44802,-20.05969,-19.95321,-19.37121
114.2,-19.81487,-0.14151,-20.07824,-19.97076,-19.38776
114.3,-19.808,0.48436,-20.08874,-19.98954,-19.36494
114.4,-19.82029,1.04738,-20.11332,-20.00543,-19.36952
114.5,-19.83713,1.67564,-20.14619,-20.01286,-19.34817
114.6,-19.86486,2.58608,-20.1603,-20.04567,-19.35837
114.7,-19.89565,2.90358,-20.21093,-20.0641,-19.37964
114.8,-19.93118,3.81681,-20.20905,-20.09107,-19.38704
114.9,-19.98603,4.50244,-20.24553,-20.10909,-19.38653
115,-20.05898,4.84498,-20.27989,-20.15229,-19.36646
115.1,-20.14783,5.16381,-20.33526,-20.18052,-19.34726
115.2,-20.21919,5.55727,-20.38484,-20.19776,-19.33513
115.3,-20.28709,5.59066,-20.43877,-20.2386,-19.44102
115.4,-20.37569,5.80134,-20.5391,-20.28029,-19.46523
115.5,-20.47322,5.97803,-20.61277,-20.31463,-19.45144
115.6,-20.55837,6.0229,-20.68824,-20.35796,-19.43163
115.7,-20.63031,5.87987,-20.77696,-20.41501,-19.42887
115.8,-20.74241,4.87819,-20.87582,-20.4678,-19.43403
115.9,-20.8245,4.86759,-20.96346,-20.52382,-19.45227
116,-20.91362,4.38856,-21.03646,-20.55563,-19.46458
116.1,-20.9803,3.94616,-21.09656,-20.60982,-19.46141
116.2,-21.05609,3.01604,-21.14714,-20.6898,-19.47678
116.3,-21.1036,2.15571,-21.22388,-20.76157,-19.49717
116.4,-21.14442,1.09698,-21.26639,-20.80054,-19.51001
116.5,-21.19814,0.52537,-21.32518,-20.86908,-19.56378
116.6,-21.23569,-0.05937,-21.3908,-20.92344,-19.57913
116.7,-21.26885,-1.78036,-21.48099,-20.97709,-19.60842
116.8,-21.28762,-3.03912,-21.50546,-21.04506,-19.64915
116.9,-21.32709,-3.74277,-21.53657,-21.09334,-19.67969
117,-21.34056,-4.31288,-21.56789,-21.1642,-19.72043
117.1,-21.35268,-5.11299,-21.57521,-21.21697,-19.76172
117.2,-21.40959,-5.75022,-21.5914,-21.24335,-19.79457
117.3,-21.41653,-6.49836,-21.59671,-21.27311,-19.85692
117.4,-21.43235,-6.51721,-21.59248,-21.29194,-19.89408
117.5,-21.44013,-6.63271,-21.61646,-21.33696,-19.9421
117.6,-21.43848,-6.93488,-21.61377,-21.3768,-19.99712
117.7,-21.43782,-6.94193,-21.60484,-21.39401,-20.04734
117.8,-21.43324,-6.99102,-21.62432,-21.39448,-20.0777
117.9,-21.43171,-6.92637,-21.64478,-21.4467,-20.12945
118,-21.4384,-6.84122,-21.67298,-21.46958,-20.15041
118.1,-21.45949,-6.72934,-21.70036,-21.49671,-20.21
118.2,-21.43851,-6.63302,-21.71339,-21.53467,-20.24145
118.3,-21.44357,-6.43476,-21.70434,-21.56296,-20.27411
118.4,-21.42154,-6.33439,-21.74917,-21.59675,-20.31177
118.5,-21.41216,-6.28834,-21.77719,-21.62919,-20.34666
118.6,-21.415,-6.28134,-21.79968,-21.64464,-20.38469
118.7,-21.42582,-6.10722,-21.81892,-21.67003,-20.44148
118.8,-21.43031,-5.94122,-21.82912,-21.68271,-20.46981
118.9,-21.44767,-5.84204,-21.84,-21.71221,-20.50721
119,-21.47071,-5.76224,-21.88605,-21.72343,-20.53961
119.1,-21.4863,-5.61442,-21.94707,-21.77801,-20.57248
119.2,-21.54089,-5.64453,-22.00507,-21.79537,-20.60101
119.3,-21.57624,-5.57521,-22.03507,-21.82071,-20.64438
119.4,-21.62654,-5.46124,-22.10077,-21.84847,-20.68382
119.5,-21.64781,-5.65488,-22.17091,-21.89135,-20.72626
119.6,-21.70102,-5.7498,-22.22529,-21.92137,-20.71928
119.7,-21.74696,-6.47433,-22.26042,-21.96636,-20.74969
119.8,-21.78469,-6.76729,-22.31669,-21.9937,-20.79385
119.9,-21.83326,-7.05893,-22.35804,-22.02497,-20.80654
120,-21.8795,-7.82821,-22.41664,-22.01836,-20.83089
120.1,-21.92266,-8.16468,-22.4723,-22.0595,-20.88416
120.2,-21.95856,-8.444,-22.51562,-22.07317,-20.92592
120.3,-21.98967,-9.26291,-22.57777,-22.07812,-20.94291
120.4,-22.028,-9.33943,-22.63082,-22.08619,-20.94888
120.5,-22.05124,-9.62657,-22.71313,-22.10046,-20.96173
120.6,-22.07695,-9.57273,-22.76502,-22.13051,-20.99039
120.7,-22.11508,-10.4822,-22.81962,-22.16227,-21.02125
120.8,-22.13636,-10.62653,-22.87934,-22.17711,-21.03874
120.9,-22.1927,-10.4844,-22.90595,-22.20377,-21.06983
121,-22.23328,-11.09567,-22.93383,-22.21865,-21.07819
121.1,-22.25866,-10.79922,-22.99334,-22.22473,-21.12493
121.2,-22.29634,-10.6432,-23.01819,-22.23509,-21.14278
121.3,-22.32147,-10.37339,-23.04454,-22.24366,-21.1489
121.4,-22.35836,-9.84175,-23.07835,-22.25504,-21.16713
121.5,-22.40644,-9.48118,-23.10462,-22.27756,-21.20387
121.6,-22.445,-9.04931,-23.12921,-22.30041,-21.20569
121.7,-22.46043,-8.42485,-23.17429,-22.29769,-21.22529
121.8,-22.50537,-8.05464,-23.19569,-22.30099,-21.24799
121.9,-22.53131,-7.67652,-23.22312,-22.33036,-21.25817
122,-22.56402,-7.50435,-23.26113,-22.34382,-21.27059
122.1,-22.6187,-7.37712,-23.30136,-22.35042,-21.27555
122.2,-22.64109,-7.06724,-23.32505,-22.37297,-21.29402
122.3,-22.7564,-6.92362,-23.3519,-22.38314,-21.31287
122.4,-22.80035,-6.73243,-23.38882,-22.40604,-21.33247
122.5,-22.80585,-6.60644,-23.41369,-22.43661,-21.33356
122.6,-22.81967,-6.4943,-23.41395,-22.45858,-21.32989
122.7,-22.83615,-6.35241,-23.44226,-22.48293,-21.33926
122.8,-22.87451,-6.26474,-23.47489,-22.49986,-21.35117
122.9,-22.91613,-6.20795,-23.50048,-22.53022,-21.33492
123,-22.92826,-6.28498,-23.53351,-22.55215,-21.35376
123.1,-22.9431,-6.39025,-23.5473,-22.55654,-21.35448
123.2,-22.96863,-6.3275,-23.57763,-22.579,-21.38172
123.3,-22.98216,-6.27015,-23.61492,-22.61449,-21.40049
123.4,-22.985,-6.21934,-23.6387,-22.65683,-21.41158
123.5,-22.99281,-6.42657,-23.63389,-22.67102,-21.42689
123.6,-23.00646,-6.7588,-23.63953,-22.67628,-21.42819
123.7,-23.01622,-6.92711,-23.64604,-22.69333,-21.44462
123.8,-23.01144,-6.85873,-23.68182,-22.69624,-21.48028
123.9,-23.00624,-7.09272,-23.71213,-22.72433,-21.46956
124,-23.0094,-7.02389,-23.72776,-22.72091,-21.47379
124.1,-23.01149,-7.51503,-23.73386,-22.73162,-21.47493
124.2,-23.0228,-7.46693,-23.705,-22.75035,-21.48351
124.3,-23.02524,-7.40119,-23.71871,-22.76407,-21.49604
124.4,-23.02814,-7.57568,-23.69733,-22.76667,-21.49599
124.5,-23.04509,-7.58908,-23.69056,-22.8055,-21.49039
124.6,-23.04721,-7.45617,-23.69641,-22.80874,-21.47284
124.7,-23.03269,-7.51744,-23.69333,-22.8128,-21.47365
124.8,-23.03445,-7.30815,-23.685,-22.81243,-21.48517
124.9,-23.0315,-7.17133,-23.68427,-22.8241,-21.51849
125,-23.02566,-7.15919,-23.68554,-22.82905,-21.51839
125.1,-23.02678,-6.95375,-23.67717,-22.83515,-21.53629
125.2,-23.00715,-6.82602,-23.67647,-22.82566,-21.53545
125.3,-23.02013,-6.84909,-23.67248,-22.83378,-21.57132
125.4,-23.00384,-6.82486,-23.65062,-22.82396,-21.59938
125.5,-22.98729,-6.67342,-23.64367,-22.81323,-21.60281
125.6,-22.9579,-6.60609,-23.64989,-22.79666,-21.62334
125.7,-22.9907,-6.47769,-23.65889,-22.78334,-21.63181
125.8,-22.98181,-6.62311,-23.63287,-22.89365,-21.63864
125.9,-22.98795,-6.65692,-23.64166,-22.87355,-21.64082
126,-22.9717,-7.32041,-23.65284,-22.88214,-21.64924
126.1,-22.95458,-7.61258,-23.6224,-22.86066,-21.64636
126.2,-22.9361,-7.89894,-23.6271,-22.88341,-21.64569
126.3,-22.93545,-8.67625,-23.62109,-22.881,-21.64891
126.4,-22.93121,-8.9932,-23.60269,-22.86598,-21.63374
126.5,-22.91946,-9.04831,-23.57701,-22.94227,-21.61299
126.6,-22.9222,-9.88964,-23.56973,-22.9465,-21.60775
126.7,-22.89953,-10.29649,-23.57301,-22.95626,-21.60871
126.8,-22.87614,-10.73067,-23.55608,-22.95464,-21.60716
126.9,-22.86337,-11.24563,-23.52978,-22.94247,-21.62177
127,-22.83389,-12.31859,-23.53154,-22.94396,-21.62344
127.1,-22.82714,-13.00841,-23.51933,-22.95299,-21.6213
127.2,-22.79537,-13.16533,-23.5089,-22.93948,-21.60739
127.3,-22.811,-14.05698,-23.49081,-22.95735,-21.60834
127.4,-22.80744,-13.90083,-23.52015,-22.96085,-21.58794
127.5,-22.79824,-14.73382,-23.49535,-22.95122,-21.60762
127.6,-22.79443,-14.72536,-23.49001,-22.94444,-21.61321
127.7,-22.7931,-14.70766,-23.4714,-22.9312,-21.62328
127.8,-22.78337,-14.74622,-23.44702,-22.91363,-21.62419
127.9,-22.75859,-14.67065,-23.46004,-22.90162,-21.66183
128,-22.7754,-14.29789,-23.4543,-22.88947,-21.65188
128.1,-22.77676,-13.82012,-23.43298,-22.88576,-21.62551
128.2,-22.73736,-13.41254,-23.41761,-22.84931,-21.5717
128.3,-22.71761,-13.13059,-23.4016,-22.84894,-21.58144
128.4,-22.70904,-12.75734,-23.3911,-22.87907,-21.58392
128.5,-22.67403,-12.39154,-23.37492,-22.89517,-21.58094
128.6,-22.65244,-12.05012,-23.37809,-22.86201,-21.57552
128.7,-22.64557,-11.6558,-23.3542,-22.84723,-21.55392
128.8,-22.62904,-11.37945,-23.33832,-22.83576,-21.55055
128.9,-22.616,-11.03289,-23.34043,-22.82806,-21.52372
129,-22.61771,-10.6326,-23.32651,-22.81398,-21.51045
129.1,-22.64022,-10.3274,-23.31222,-22.79658,-21.49125
129.2,-22.61778,-10.00187,-23.29607,-22.79783,-21.47972
129.3,-22.61933,-9.72557,-23.28165,-22.79376,-21.48214
129.4,-22.58722,-9.60982,-23.27147,-22.76404,-21.45854
129.5,-22.60861,-9.34795,-23.25914,-22.77089,-21.47431
129.6,-22.55729,-9.15451,-23.24386,-22.76053,-21.46291
129.7,-22.54811,-8.91837,-23.2282,-22.75696,-21.45327
129.8,-22.53459,-8.65145,-23.22355,-22.74911,-21.45465
129.9,-22.5308,-8.3651,-23.21689,-22.74054,-21.46826
130,-22.51433,-8.32889,-23.21585,-22.7206,-21.46362
130.1,-22.49462,-8.18701,-23.20329,-22.72198,-21.42836
130.2,-22.48501,-8.06832,-23.21789,-22.74104,-21.39004
130.3,-22.48779,-8.11148,-23.19934,-22.72749,-21.38051
130.4,-22.47097,-8.41751,-23.17787,-22.68632,-21.36377
130.5,-22.4725,-8.60165,-23.14409,-22.66231,-21.36002
130.6,-22.45615,-8.50583,-23.12104,-22.62632,-21.34854
130.7,-22.4471,-8.63956,-23.10375,-22.64611,-21.32007
130.8,-22.45415,-8.5537,-23.10218,-22.61662,-21.31619
130.9,-22.43076,-9.02882,-23.07704,-22.61901,-21.3264
131,-22.44682,-8.98608,-23.07722,-22.63075,-21.30219
131.1,-22.40996,-8.95786,-23.09913,-22.62035,-21.31122
131.2,-22.42933,-9.20738,-23.07745,-22.60683,-21.31171
131.3,-22.42741,-9.30443,-23.0563,-22.58924,-21.29012
131.4,-22.41956,-9.28301,-23.04909,-22.56356,-21.30571
131.5,-22.4163,-9.24761,-23.02834,-22.57179,-21.30394
131.6,-22.40097,-9.07088,-23.01624,-22.57167,-21.2976
131.7,-22.37457,-8.99269,-23.00029,-22.57284,-21.30572
131.8,-22.35994,-8.92349,-23.00228,-22.56314,-21.31606
131.9,-22.3584,-8.67186,-22.96487,-22.54754,-21.29613
132,-22.36051,-8.51617,-22.95455,-22.51827,-21.27447
132.1,-22.3598,-8.59458,-22.93945,-22.51847,-21.28219
132.2,-22.34643,-8.76667,-22.94591,-22.51301,-21.26414
132.3,-22.33088,-9.21455,-22.95651,-22.49503,-21.26686
132.4,-22.30087,-9.27291,-22.95367,-22.47471,-21.22792
132.5,-22.3012,-9.41393,-22.94872,-22.47515,-21.20471
132.6,-22.27265,-9.85163,-22.94384,-22.48349,-21.22631
132.7,-22.25503,-10.18898,-22.9385,-22.48479,-21.21372
132.8,-22.23674,-10.17822,-22.9501,-22.4927,-21.21864
132.9,-22.22651,-10.94332,-22.93257,-22.47514,-21.20291
133,-22.25228,-11.3061,-22.92404,-22.46077,-21.19473
133.1,-22.23805,-11.73666,-22.91261,-22.45136,-21.19236
133.2,-22.22064,-12.16136,-22.92375,-22.45351,-21.17922
133.3,-22.21179,-12.89232,-22.91579,-22.43957,-21.16016
133.4,-22.22727,-13.36404,-22.88198,-22.46753,-21.16184
133.5,-22.21198,-13.68706,-22.88133,-22.47648,-21.17588
133.6,-22.21213,-14.49454,-22.88719,-22.44806,-21.16005
133.7,-22.22909,-14.66795,-22.88915,-22.43618,-21.16821
133.8,-22.22051,-15.22949,-22.89187,-22.43341,-21.17019
133.9,-22.22506,-15.64702,-22.87049,-22.3999,-21.14921
134,-22.23164,-15.83372,-22.87883,-22.3871,-21.14861
134.1,-22.24233,-16.18239,-22.84978,-22.38666,-21.15347
134.2,-22.25979,-16.4103,-22.87021,-22.38698,-21.14041
134.3,-22.24926,-17.01361,-22.85803,-22.35952,-21.14527
134.4,-22.25627,-17.14249,-22.86069,-22.37006,-21.1442
134.5,-22.23035,-17.37932,-22.86941,-22.34695,-21.12291
134.6,-22.24051,-17.71547,-22.85021,-22.34381,-21.10896
134.7,-22.26183,-17.95408,-22.82599,-22.31844,-21.10366
134.8,-22.26952,-18.11984,-22.80229,-22.30177,-21.10491
134.9,-22.25329,-18.16262,-22.81716,-22.29574,-21.10779
135,-22.24766,-18.04886,-22.77563,-22.29621,-21.10406
135.1,-22.21002,-18.03722,-22.75982,-22.32064,-21.09799
135.2,-22.19693,-17.99347,-22.75072,-22.3016,-21.10868
135.3,-22.17884,-17.9652,-22.74905,-22.28539,-21.10203
135.4,-22.19445,-18.11734,-22.75869,-22.28871,-21.10986
135.5,-22.19743,-18.17966,-22.76312,-22.25526,-21.09982
135.6,-22.18734,-18.20502,-22.77397,-22.23905,-21.08526
135.7,-22.18272,-18.23643,-22.75439,-22.22422,-21.08812
135.8,-22.19957,-18.20918,-22.77403,-22.20841,-21.08913
135.9,-22.17061,-18.01341,-22.75553,-22.20663,-21.0975
136,-22.15671,-17.92257,-22.7571,-22.21218,-21.11367
136.1,-22.14395,-17.97877,-22.75519,-22.20506,-21.087
136.2,-22.16371,-17.78633,-22.75286,-22.19129,-21.10051
136.3,-22.16878,-17.67412,-22.73198,-22.19455,-21.07591
136.4,-22.17333,-17.54355,-22.71649,-22.18397,-21.05198
136.5,-22.16174,-17.511,-22.71213,-22.20849,-21.04014
136.6,-22.14259,-17.44018,-22.73179,-22.1982,-21.03184
136.7,-22.14956,-17.37822,-22.72272,-22.20285,-21.0335
136.8,-22.15925,-17.30462,-22.67544,-22.18187,-21.02049
136.9,-22.14488,-17.20101,-22.67764,-22.18248,-21.01988
137,-22.13699,-17.08729,-22.6784,-22.1833,-21.02037
137.1,-22.1591,-17.09225,-22.69258,-22.17247,-20.98712
137.2,-22.14694,-17.24381,-22.65381,-22.15069,-20.98926
137.3,-22.13786,-17.40986,-22.63086,-22.16753,-20.96191
137.4,-22.12271,-17.30768,-22.61433,-22.1298,-20.976
137.5,-22.11679,-17.47696,-22.5832,-22.10803,-20.95647
137.6,-22.10558,-17.51995,-22.57784,-22.09888,-20.91895
137.7,-22.07884,-18.16478,-22.57633,-22.11802,-20.93751
137.8,-22.06963,-18.10421,-22.57779,-22.11405,-20.94296
137.9,-22.09437,-18.10663,-22.55322,-22.07219,-20.9494
138,-22.07358,-18.38958,-22.52955,-22.05134,-20.95594
138.1,-22.05172,-18.42075,-22.5081,-22.04728,-20.95171
138.2,-22.05,-18.42968,-22.5174,-22.04814,-20.95954
138.3,-22.01904,-18.54243,-22.51982,-22.04634,-20.966
138.4,-22.00721,-18.43362,-22.54048,-22.03684,-20.96049
138.5,-21.99333,-18.83952,-22.53419,-22.03354,-20.95006
138.6,-22.00884,-19.06834,-22.55243,-22.01521,-20.94786
138.7,-22.00137,-19.00034,-22.54427,-22.00754,-20.93657
138.8,-21.99069,-18.9467,-22.54938,-22.01451,-20.92053
138.9,-21.9795,-18.83478,-22.54915,-22.03105,-20.91619
139,-21.97528,-18.75746,-22.53373,-22.02824,-20.91117
139.1,-21.97049,-18.77259,-22.52655,-22.01847,-20.91651
139.2,-21.95136,-18.69498,-22.53569,-22.01186,-20.90868
139.3,-21.96513,-18.76204,-22.52731,-22.00318,-20.91196
139.4,-21.9933,-18.7887,-22.53019,-22.02864,-20.89616
139.5,-21.98288,-19.00761,-22.51818,-22.02512,-20.89669
139.6,-21.97383,-19.10075,-22.48912,-22.02242,-20.90278
139.7,-21.97269,-19.05399,-22.47426,-22.0282,-20.89978
139.8,-21.9824,-19.15342,-22.48115,-22.04001,-20.91146
139.9,-21.97468,-19.24061,-22.50693,-22.02661,-20.9265
140,-21.97258,-19.16147,-22.49376,-22.015,-20.91726
140.1,-21.97535,-19.2225,-22.4773,-22.02277,-20.922
140.2,-21.97887,-19.54559,-22.46756,-22.01167,-20.91417
140.3,-21.96583,-19.6797,-22.4352,-21.98561,-20.92621
140.4,-21.97235,-19.805,-22.42982,-21.98207,-20.93184
140.5,-21.95459,-19.96211,-22.43672,-21.99817,-20.93121
140.6,-21.97032,-20.09451,-22.42297,-22.01281,-20.92325
140.7,-21.96158,-20.1331,-22.42284,-21.99509,-20.91775
140.8,-21.94301,-20.10761,-22.43913,-21.97853,-20.90901
140.9,-21.95421,-20.21081,-22.44171,-21.99082,-20.8939
141,-21.95797,-20.18876,-22.43156,-21.9993,-20.88119
141.1,-21.95276,-20.27102,-22.41156,-22.0186,-20.89484
141.2,-21.97487,-20.28465,-22.42411,-22.01053,-20.86696
141.3,-21.98592,-20.26977,-22.41339,-22.02797,-20.86204
141.4,-21.96438,-20.21562,-22.42776,-22.02205,-20.83507
141.5,-21.94763,-20.32838,-22.44855,-22.01165,-20.83835
141.6,-21.95285,-20.30887,-22.45953,-22.0256,-20.83175
141.7,-21.94998,-20.26486,-22.45393,-22.02289,-20.81477
141.8,-21.9561,-20.48629,-22.44991,-22.02523,-20.79742
141.9,-21.94054,-20.60493,-22.43518,-22.01674,-20.79448
142,-21.93645,-20.80471,-22.44495,-22.02282,-20.78476
142.1,-21.91438,-20.78767,-22.44018,-22.02085,-20.77262
142.2,-21.92796,-20.87933,-22.42501,-22.00143,-20.77922
142.3,-21.89548,-20.97496,-22.42146,-21.98213,-20.76425
142.4,-21.91203,-21.05544,-22.43855,-21.97469,-20.77715
142.5,-21.88541,-21.05193,-22.41349,-21.98856,-20.77349
142.6,-21.88889,-21.29492,-22.42155,-21.98701,-20.79479
142.7,-21.8993,-21.47331,-22.40988,-21.99371,-20.82005
142.8,-21.88451,-21.50142,-22.37912,-21.98728,-20.81987
142.9,-21.89205,-21.50702,-22.38308,-21.97813,-20.80654
143,-21.88538,-21.58107,-22.37529,-21.98577,-20.80657
143.1,-21.8961,-21.60664,-22.38711,-21.99158,-20.79792
143.2,-21.88798,-21.64852,-22.38419,-21.9892,-20.78834
143.3,-21.8755,-21.67361,-22.38278,-21.98003,-20.80281
143.4,-21.86047,-21.70143,-22.35025,-21.99474,-20.79984
143.5,-21.8668,-21.88447,-22.35671,-21.97959,-20.79509
143.6,-21.83311,-21.9324,-22.36033,-21.98905,-20.80743
143.7,-21.824,-21.97373,-22.32143,-21.97481,-20.81359
143.8,-21.81859,-21.99133,-22.30251,-21.96587,-20.8155
143.9,-21.8392,-22.00682,-22.29558,-21.94022,-20.79751
144,-21.82659,-21.99954,-22.27766,-21.93176,-20.78553
144.1,-21.81266,-22.14586,-22.27024,-21.91946,-20.78059
144.2,-21.81319,-22.18129,-22.2684,-21.93326,-20.76818
144.3,-21.81416,-22.33091,-22.27472,-21.93717,-20.75119
144.4,-21.8053,-22.36321,-22.25995,-21.92876,-20.76401
144.5,-21.8084,-22.39956,-22.25621,-21.91989,-20.75726
144.6,-21.79509,-22.41802,-22.24406,-21.90072,-20.75362
144.7,-21.81049,-22.44764,-22.23492,-21.8795,-20.74632
144.8,-21.80296,-22.43708,-22.20942,-21.90425,-20.74759
144.9,-21.80072,-22.44443,-22.23649,-21.90969,-20.73493
145,-21.79374,-22.4597,-22.22345,-21.89859,-20.71746
145.1,-21.76407,-22.46968,-22.20506,-21.88059,-20.70921
145.2,-21.78267,-22.48291,-22.20037,-21.87262,-20.70281
145.3,-21.80447,-22.49365,-22.21071,-21.87831,-20.71293
145.4,-21.80043,-22.49652,-22.19188,-21.86645,-20.71179
145.5,-21.7883,-22.49685,-22.18928,-21.85745,-20.70096
145.6,-21.77014,-22.52492,-22.206,-21.84845,-20.67193
145.7,-21.7579,-22.51736,-22.20627,-21.84269,-20.66836
145.8,-21.74323,-22.50103,-22.20093,-21.81746,-20.65424
145.9,-21.7242,-22.51121,-22.20532,-21.82584,-20.64535
146,-21.72787,-22.53622,-22.21006,-21.83455,-20.67602
146.1,-21.71743,-22.53127,-22.2085,-21.82832,-20.68205
146.2,-21.73521,-22.53733,-22.21332,-21.81254,-20.65053
146.3,-21.72273,-22.54306,-22.21052,-21.828,-20.65561
146.4,-21.74254,-22.54712,-22.21921,-21.81931,-20.64904
146.5,-21.72265,-22.55409,-22.24324,-21.8036,-20.64804
146.6,-21.71185,-22.5784,-22.24669,-21.77817,-20.65216
146.7,-21.71123,-22.58006,-22.21803,-21.78515,-20.62686
146.8,-21.72662,-22.62781,-22.1947,-21.77726,-20.6387
146.9,-21.71296,-22.62823,-22.19152,-21.78406,-20.63938
147,-21.71354,-22.63042,-22.18092,-21.76048,-20.63954
147.1,-21.70533,-22.65225,-22.16856,-21.75638,-20.6248
147.2,-21.70638,-22.6658,-22.19364,-21.74616,-20.62724
147.3,-21.71121,-22.67157,-22.19279,-21.76434,-20.61524
147.4,-21.73217,-22.70124,-22.17683,-21.75913,-20.60908
147.5,-21.73172,-22.72596,-22.20349,-21.75893,-20.62127
147.6,-21.74646,-22.75706,-22.19952,-21.74978,-20.61291
147.7,-21.74675,-22.7721,-22.23257,-21.7416,-20.61173
147.8,-21.74157,-22.80772,-22.20808,-21.72871,-20.60885
147.9,-21.71853,-22.82182,-22.21618,-21.73414,-20.6184
148,-21.7387,-22.8392,-22.20308,-21.73309,-20.60873
148.1,-21.73849,-22.83682,-22.203,-21.70463,-20.59761
148.2,-21.74124,-22.87658,-22.19287,-21.72936,-20.61367
148.3,-21.72879,-22.91224,-22.1889,-21.74584,-20.58868
148.4,-21.70898,-22.94068,-22.18828,-21.74782,-20.60529
148.5,-21.71125,-22.96643,-22.19934,-21.73481,-20.59384
148.6,-21.72717,-23.0138,-22.18911,-21.71607,-20.60572
148.7,-21.72535,-23.0282,-22.19716,-21.69957,-20.61672
148.8,-21.73581,-23.04928,-22.16716,-21.67764,-20.59959
148.9,-21.74502,-23.07786,-22.15867,-21.67344,-20.57593
149,-21.75061,-23.09671,-22.13441,-21.67318,-20.5759
149.1,-21.71774,-23.10867,-22.1631,-21.66876,-20.57486
149.2,-21.71223,-23.11559,-22.13943,-21.65523,-20.5762
149.3,-21.68307,-23.13387,-22.13783,-21.62197,-20.57587
149.4,-21.68611,-23.15041,-22.12704,-21.60822,-20.55333
149.5,-21.68232,-23.16494,-22.12009,-21.61751,-20.55197
149.6,-21.68427,-23.1831,-22.10671,-21.62947,-20.5413
149.7,-21.68432,-23.20462,-22.12101,-21.6114,-20.5321
149.8,-21.6731,-23.21056,-22.11159,-21.59883,-20.5295
149.9,-21.65722,-23.24835,-22.09416,-21.59498,-20.5236
150,-21.64895,-23.28529,-22.086,-21.57577,-20.5127
150.1,-21.65122,-23.31627,-22.09587,-21.57085,-20.52243
150.2,-21.67136,-23.29891,-22.10926,-21.56701,-20.52116
150.3,-21.68395,-23.30337,-22.12551,-21.57434,-20.51571
150.4,-21.66861,-23.28874,-22.12775,-21.57726,-20.50813
150.5,-21.67905,-23.29695,-22.14105,-21.56336,-20.51595
150.6,-21.67385,-23.31826,-22.12014,-21.56223,-20.52378
150.7,-21.66417,-23.32221,-22.10546,-21.56022,-20.53657
150.8,-21.67555,-23.34933,-22.09681,-21.55912,-20.53285
150.9,-21.65873,-23.37156,-22.07246,-21.52665,-20.53405
151,-21.63053,-23.38168,-22.05901,-21.49809,-20.52736
151.1,-21.62478,-23.38929,-22.05388,-21.46909,-20.5316
151.2,-21.66268,-23.39965,-22.04007,-21.47011,-20.53067
151.3,-21.64641,-23.39549,-22.02712,-21.48285,-20.50943
151.4,-21.6271,-23.39393,-21.99359,-21.46935,-20.49989
151.5,-21.63209,-23.40159,-21.99112,-21.43525,-20.48796
151.6,-21.62187,-23.40632,-21.98631,-21.41474,-20.46882
151.7,-21.61419,-23.40374,-21.98033,-21.41612,-20.45304
151.8,-21.61814,-23.41036,-21.96362,-21.41368,-20.43141
151.9,-21.60144,-23.41134,-21.98219,-21.38672,-20.44061
152,-21.5894,-23.42398,-21.99117,-21.39777,-20.43581
152.1,-21.57776,-23.45151,-21.94605,-21.40758,-20.43251
152.2,-21.59089,-23.45277,-21.95805,-21.39596,-20.43365
152.3,-21.57256,-23.45149,-21.96095,-21.40212,-20.4069
152.4,-21.58335,-23.44316,-21.94673,-21.38474,-20.4213
152.5,-21.57855,-23.43053,-21.93504,-21.39046,-20.41815
152.6,-21.58461,-23.41013,-21.93604,-21.37764,-20.4235
152.7,-21.58489,-23.41423,-21.95316,-21.34568,-20.4175
152.8,-21.57292,-23.43191,-21.93609,-21.33398,-20.43036
152.9,-21.56513,-23.42698,-21.92698,-21.31093,-20.42699
153,-21.55943,-23.40959,-21.91955,-21.30222,-20.43045
153.1,-21.55251,-23.40751,-21.89492,-21.27131,-20.44465
153.2,-21.55794,-23.44531,-21.90011,-21.28769,-20.44543
153.3,-21.54368,-23.44816,-21.89978,-21.29431,-20.4558
153.4,-21.52212,-23.45872,-21.8876,-21.29673,-20.40736
153.5,-21.52957,-23.44389,-21.84451,-21.27966,-20.39468
153.6,-21.52588,-23.43281,-21.83967,-21.2584,-20.40389
153.7,-21.52199,-23.43999,-21.83833,-21.25521,-20.42121
153.8,-21.49932,-23.44116,-21.8083,-21.26504,-20.41748
153.9,-21.46605,-23.40986,-21.79461,-21.24983,-20.41369
154,-21.44839,-23.39838,-21.77969,-21.28025,-20.40192
154.1,-21.43324,-23.39164,-21.79091,-21.27757,-20.40067
154.2,-21.41876,-23.40501,-21.75986,-21.24724,-20.39965
154.3,-21.43857,-23.39276,-21.75197,-21.22489,-20.37746
154.4,-21.41579,-23.39155,-21.75255,-21.21649,-20.35657
154.5,-21.40741,-23.37607,-21.75474,-21.21619,-20.3354
154.6,-21.41799,-23.38,-21.76233,-21.17811,-20.34639
154.7,-21.43072,-23.39065,-21.75852,-21.17937,-20.31275
154.8,-21.43583,-23.35707,-21.77373,-21.16448,-20.32378
154.9,-21.42414,-23.34449,-21.75601,-21.14351,-20.31852
155,-21.40504,-23.34111,-21.74087,-21.13385,-20.30159
155.1,-21.38761,-23.34189,-21.74547,-21.12283,-20.29033
155.2,-21.39534,-23.36405,-21.72365,-21.09903,-20.28652
155.3,-21.37033,-23.38128,-21.70792,-21.09943,-20.28331
155.4,-21.36923,-23.35866,-21.70234,-21.0879,-20.2622
155.5,-21.33778,-23.36381,-21.68286,-21.06596,-20.2632
155.6,-21.32004,-23.34917,-21.68193,-21.05283,-20.27672
155.7,-21.31802,-23.34693,-21.66501,-21.05258,-20.25758
155.8,-21.32599,-23.32285,-21.65217,-21.04134,-20.24568
155.9,-21.31636,-23.32167,-21.6225,-21.02073,-20.23435
156,-21.29254,-23.29212,-21.6137,-20.9978,-20.22358
156.1,-21.28326,-23.30089,-21.59312,-20.97383,-20.20451
156.2,-21.25327,-23.28596,-21.58059,-20.95538,-20.21588
156.3,-21.23382,-23.28126,-21.58426,-20.96569,-20.20667
156.4,-21.23308,-23.26313,-21.58944,-20.97236,-20.18438
156.5,-21.21794,-23.24378,-21.57895,-20.96749,-20.16733
156.6,-21.21657,-23.25046,-21.56926,-20.96767,-20.16598
156.7,-21.22046,-23.2268,-21.53931,-20.96907,-20.16769
156.8,-21.21831,-23.22088,-21.54618,-20.99219,-20.13889
156.9,-21.21527,-23.20307,-21.52609,-20.9791,-20.12119
157,-21.22048,-23.20463,-21.50057,-20.96433,-20.10794
157.1,-21.22087,-23.17896,-21.47879,-20.94942,-20.1083
157.2,-21.20288,-23.1765,-21.45966,-20.92593,-20.09742
157.3,-21.14734,-23.19686,-21.45292,-20.94609,-20.08751
157.4,-21.13632,-23.20258,-21.44832,-20.93058,-20.06471
157.5,-21.16127,-23.18216,-21.41516,-20.91167,-20.06475
157.6,-21.14636,-23.17077,-21.38616,-20.90998,-20.04841
157.7,-21.12767,-23.17646,-21.38538,-20.89259,-20.04844
157.8,-21.10926,-23.17311,-21.39477,-20.89061,-20.05535
157.9,-21.09843,-23.17609,-21.38684,-20.86712,-20.06055
158,-21.10649,-23.17656,-21.36822,-20.83841,-20.06324
158.1,-21.11403,-23.19031,-21.35757,-20.84705,-20.03799
158.2,-21.1119,-23.18819,-21.34039,-20.82811,-20.02094
158.3,-21.1065,-23.19987,-21.32595,-20.80287,-20.04726
158.4,-21.10305,-23.17017,-21.31008,-20.78109,-20.05546
158.5,-21.10004,-23.16902,-21.3085,-20.79728,-20.04332
158.6,-21.08513,-23.15092,-21.30972,-20.79307,-20.01951
158.7,-21.07789,-23.16281,-21.28546,-20.78452,-19.99114
158.8,-21.08396,-23.16224,-21.27715,-20.79419,-20.0173
158.9,-21.06083,-23.14938,-21.24931,-20.77509,-20.01432
159,-21.03631,-23.14476,-21.24151,-20.74497,-20.05705
159.1,-21.03067,-23.14332,-21.21799,-20.72768,-20.05736
159.2,-21.00457,-23.11282,-21.20855,-20.70592,-20.0584
159.3,-21.02351,-23.09506,-21.20722,-20.69931,-20.05409
159.4,-21.0218,-23.10396,-21.20177,-20.69634,-20.03212
159.5,-21.02429,-23.08438,-21.159,-20.68962,-20.04613
159.6,-21.00444,-23.06671,-21.11685,-20.71127,-20.04515
159.7,-20.97473,-23.06751,-21.10889,-20.73378,-20.04824
159.8,-20.9316,-23.03849,-21.07171,-20.72337,-20.04427
159.9,-20.93035,-23.04294,-21.07116,-20.69365,-20.06248
160,-20.90707,-23.05983,-21.05355,-20.67312,-20.08103
160.1,-20.86631,-23.04938,-21.02919,-20.66157,-20.04304
160.2,-20.86254,-23.04527,-21.02302,-20.6475,-20.04482
160.3,-20.83525,-23.03356,-20.98428,-20.64117,-20.03921
160.4,-20.78514,-23.01548,-20.97538,-20.61905,-20.05329
160.5,-20.74905,-23.01689,-20.95611,-20.57637,-20.05782
160.6,-20.71789,-23.00629,-20.91692,-20.57138,-20.06698
160.7,-20.70298,-22.99107,-20.89885,-20.53519,-20.05463
160.8,-20.66639,-22.98428,-20.87641,-20.5216,-20.04517
160.9,-20.6573,-22.97014,-20.86073,-20.50739,-20.03286
161,-20.63354,-22.95247,-20.84449,-20.48433,-20.01496
161.1,-20.63175,-22.9422,-20.82347,-20.48443,-20.02105
161.2,-20.62031,-22.92725,-20.81469,-20.49134,-20.04984
161.3,-20.59823,-22.89398,-20.8164,-20.47246,-20.05304
161.4,-20.59366,-22.89336,-20.78885,-20.41749,-20.04337
161.5,-20.55279,-22.85675,-20.76414,-20.39019,-20.03257
161.6,-20.49759,-22.84221,-20.73442,-20.34479,-20.0267
161.7,-20.45529,-22.80707,-20.72664,-20.31826,-19.98565
161.8,-20.44502,-22.82836,-20.71055,-20.30778,-19.98507
161.9,-20.44078,-22.8057,-20.69617,-20.31841,-19.9907
162,-20.42485,-22.77241,-20.67364,-20.29885,-19.97978
162.1,-20.40135,-22.74489,-20.65603,-20.27365,-19.96297
162.2,-20.40799,-22.74589,-20.65232,-20.25871,-19.9708
162.3,-20.38798,-22.74395,-20.66116,-20.25508,-19.9707
162.4,-20.36528,-22.74677,-20.62896,-20.25307,-19.91332
162.5,-20.36249,-22.7152,-20.61074,-20.2296,-19.89954
162.6,-20.33866,-22.71253,-20.61103,-20.20215,-19.8759
162.7,-20.34031,-22.7002,-20.5604,-20.18784,-19.88638
162.8,-20.3102,-22.66076,-20.53497,-20.18079,-19.8857
162.9,-20.29314,-22.65966,-20.50026,-20.16223,-19.86965
163,-20.28059,-22.63656,-20.47984,-20.1558,-19.8647
163.1,-20.29364,-22.64437,-20.44926,-20.14372,-19.82626
163.2,-20.27327,-22.61488,-20.43411,-20.1526,-19.7973
163.3,-20.24919,-22.59991,-20.42128,-20.12364,-19.80325
163.4,-20.2439,-22.59588,-20.40838,-20.12758,-19.81329
163.5,-20.25127,-22.60049,-20.38188,-20.12334,-19.79631
163.6,-20.22052,-22.58825,-20.35644,-20.12214,-19.78283
163.7,-20.21204,-22.5619,-20.32517,-20.10801,-19.75471
163.8,-20.215,-22.58189,-20.31681,-20.07486,-19.76347
163.9,-20.21783,-22.5896,-20.29112,-20.05488,-19.76484
164,-20.18554,-22.57461,-20.28638,-20.03234,-19.75028
164.1,-20.16051,-22.57806,-20.26306,-20.01044,-19.74024
164.2,-20.14756,-22.57702,-20.26246,-20.00079,-19.70829
164.3,-20.14475,-22.5616,-20.21269,-20.0017,-19.66517
164.4,-20.16526,-22.54016,-20.21264,-19.95876,-19.66803
164.5,-20.1445,-22.5342,-20.21623,-19.94693,-19.65641
164.6,-20.12413,-22.51985,-20.21545,-19.922,-19.647
164.7,-20.11262,-22.49678,-20.19547,-19.92056,-19.61894
164.8,-20.10681,-22.48235,-20.16536,-19.9231,-19.60196
164.9,-20.10173,-22.48248,-20.13119,-19.89315,-19.5827
165,-20.09246,-22.45883,-20.10812,-19.88343,-19.56324
165.1,-20.05755,-22.45763,-20.11163,-19.8523,-19.57343
165.2,-20.04943,-22.46407,-20.09617,-19.84335,-19.56949
165.3,-20.05469,-22.46897,-20.05969,-19.8406,-19.56295
165.4,-20.06243,-22.46434,-20.04041,-19.83047,-19.55068
165.5,-20.08004,-22.43953,-20.05749,-19.83168,-19.53485
165.6,-20.08253,-22.43078,-20.03378,-19.82618,-19.52032
165.7,-20.06302,-22.39143,-19.99827,-19.79566,-19.50984
165.8,-20.06781,-22.37245,-19.99064,-19.8065,-19.50499
165.9,-20.07149,-22.36159,-19.98098,-19.81191,-19.49608
166,-20.06031,-22.36446,-19.97417,-19.80944,-19.46922
166.1,-20.04145,-22.33407,-19.97113,-19.78112,-19.47569
166.2,-20.01849,-22.31107,-19.97972,-19.77945,-19.45276
166.3,-20.00242,-22.31269,-19.96295,-19.7894,-19.4543
166.4,-19.99889,-22.31415,-19.94315,-19.79172,-19.45277
166.5,-19.98821,-22.27319,-19.91933,-19.76576,-19.44543
166.6,-19.97229,-22.27045,-19.90984,-19.77193,-19.45088
166.7,-19.96387,-22.2729,-19.90657,-19.75108,-19.453
166.8,-19.96128,-22.26922,-19.8946,-19.73564,-19.43883
166.9,-19.91796,-22.25207,-19.90425,-19.73519,-19.42828
167,-19.91742,-22.26575,-19.87965,-19.70204,-19.4337
167.1,-19.90344,-22.26269,-19.86999,-19.68313,-19.40204
167.2,-19.90048,-22.25269,-19.86481,-19.67848,-19.37193
167.3,-19.89748,-22.23325,-19.8414,-19.6657,-19.36351
167.4,-19.89459,-22.2269,-19.83519,-19.63326,-19.36081
167.5,-19.87119,-22.20725,-19.83692,-19.64319,-19.35954
167.6,-19.87309,-22.21987,-19.8348,-19.64265,-19.37703
167.7,-19.85078,-22.19279,-19.83215,-19.64286,-19.3801
167.8,-19.82745,-22.18739,-19.83417,-19.63193,-19.40095
167.9,-19.81891,-22.15004,-19.82373,-19.62496,-19.41335
168,-19.79644,-22.15802,-19.8074,-19.60312,-19.37876
168.1,-19.81741,-22.1484,-19.80065,-19.60657,-19.35868
168.2,-19.81653,-22.1498,-19.79179,-19.59238,-19.35509
168.3,-19.81687,-22.15028,-19.76452,-19.62031,-19.34173
168.4,-19.80002,-22.13729,-19.785,-19.61567,-19.31805
168.5,-19.78765,-22.14218,-19.79534,-19.58564,-19.32312
168.6,-19.78196,-22.13026,-19.81155,-19.57556,-19.31004
168.7,-19.78064,-22.11109,-19.7936,-19.55366,-19.30737
168.8,-19.76378,-22.085,-19.78286,-19.55862,-19.31746
168.9,-19.74111,-22.09063,-19.77005,-19.59684,-19.33129
169,-19.76083,-22.08343,-19.74235,-19.57957,-19.33185
169.1,-19.76514,-22.09357,-19.74282,-19.58288,-19.33104
169.2,-19.75873,-22.07742,-19.74967,-19.56121,-19.31148
169.3,-19.72777,-22.04617,-19.73378,-19.54135,-19.30557
169.4,-19.70889,-22.02098,-19.72798,-19.55203,-19.31745
169.5,-19.68406,-22.00125,-19.72353,-19.55099,-19.31042
169.6,-19.71036,-21.97564,-19.70242,-19.55875,-19.31009
169.7,-19.69395,-21.97726,-19.70654,-19.54112,-19.29755
169.8,-19.68194,-22.00156,-19.67942,-19.52788,-19.30451
169.9,-19.67559,-22.01701,-19.68366,-19.50727,-19.30033
170,-19.65387,-22.0183,-19.67997,-19.4928,-19.31627
170.1,-19.6402,-22.02433,-19.65194,-19.47678,-19.31461
170.2,-19.63694,-22.03028,-19.66445,-19.46682,-19.29142
170.3,-19.63589,-22.04769,-19.65032,-19.46228,-19.29024
170.4,-19.63565,-22.04826,-19.64636,-19.46651,-19.2834
170.5,-19.62095,-22.05111,-19.62495,-19.46794,-19.28631
170.6,-19.63536,-22.04347,-19.60164,-19.46409,-19.29394
170.7,-19.62449,-22.03553,-19.59533,-19.43493,-19.26574
170.8,-19.60369,-22.02008,-19.58036,-19.43233,-19.28459
170.9,-19.60063,-22.00148,-19.59028,-19.42218,-19.29452
171,-19.5855,-21.98716,-19.58153,-19.40882,-19.29619
171.1,-19.58914,-21.97609,-19.56447,-19.40264,-19.303
171.2,-19.58822,-21.96422,-19.54226,-19.40865,-19.28241
171.3,-19.59561,-21.96137,-19.53848,-19.41725,-19.26762
171.4,-19.58284,-21.96494,-19.53309,-19.41539,-19.24939
171.5,-19.5921,-21.95671,-19.53621,-19.43017,-19.24196
171.6,-19.57613,-21.95235,-19.51894,-19.42394,-19.23853
171.7,-19.57588,-21.98667,-19.49397,-19.44098,-19.24188
171.8,-19.57325,-21.96734,-19.45769,-19.42106,-19.25416
171.9,-19.5488,-21.94209,-19.45864,-19.4159,-19.25809
172,-19.52293,-21.9437,-19.45711,-19.41723,-19.23877
172.1,-19.5166,-21.94805,-19.47179,-19.43245,-19.24472
172.2,-19.51418,-21.93379,-19.47688,-19.44877,-19.25182
172.3,-19.50159,-21.91148,-19.47655,-19.41835,-19.26001
172.4,-19.50642,-21.90138,-19.48059,-19.40552,-19.24915
172.5,-19.4977,-21.89682,-19.47338,-19.38608,-19.23089
172.6,-19.50868,-21.89615,-19.4695,-19.3618,-19.21219
172.7,-19.49175,-21.8737,-19.47093,-19.32385,-19.22386
172.8,-19.46942,-21.8767,-19.43376,-19.32773,-19.22382
172.9,-19.45566,-21.86609,-19.43864,-19.31906,-19.21233
173,-19.47056,-21.88178,-19.44032,-19.30367,-19.23166
173.1,-19.46417,-21.87551,-19.4161,-19.29677,-19.21989
173.2,-19.45202,-21.89153,-19.39331,-19.30324,-19.22323
173.3,-19.43887,-21.88855,-19.3845,-19.29747,-19.2114
173.4,-19.40961,-21.87342,-19.38887,-19.26929,-19.24033
173.5,-19.38809,-21.87179,-19.3684,-19.26138,-19.24602
173.6,-19.40391,-21.89155,-19.37029,-19.24108,-19.2306
173.7,-19.41296,-21.89428,-19.38421,-19.22477,-19.23273
173.8,-19.40217,-21.85621,-19.38059,-19.2328,-19.2145
173.9,-19.41842,-21.85833,-19.36834,-19.23834,-19.21282
174,-19.42395,-21.8574,-19.38384,-19.23064,-19.20405
174.1,-19.42579,-21.86974,-19.39506,-19.2322,-19.1959
174.2,-19.43008,-21.85631,-19.39592,-19.2327,-19.18941
174.3,-19.41293,-21.8311,-19.39143,-19.2248,-19.18537
174.4,-19.42042,-21.81749,-19.3946,-19.23079,-19.19999
174.5,-19.40061,-21.81913,-19.37839,-19.25411,-19.19255
174.6,-19.40631,-21.8054,-19.39075,-19.24659,-19.21774
174.7,-19.39486,-21.78225,-19.36322,-19.22974,-19.20811
174.8,-19.40349,-21.78672,-19.35053,-19.21441,-19.20187
174.9,-19.40104,-21.76928,-19.34574,-19.20396,-19.19023
175,-19.399,-21.77822,-19.32006,-19.22209,-19.18797
175.1,-19.37108,-21.77421,-19.31241,-19.21189,-19.18868
175.2,-19.39687,-21.81448,-19.33522,-19.2032,-19.18635
175.3,-19.38707,-21.80425,-19.32236,-19.21514,-19.20789
175.4,-19.37,-21.81143,-19.30784,-19.21639,-19.21451
175.5,-19.36944,-21.79992,-19.32797,-19.22371,-19.20924
175.6,-19.35445,-21.79458,-19.31253,-19.22008,-19.20794
175.7,-19.33611,-21.76665,-19.31389,-19.23177,-19.20143
175.8,-19.33385,-21.75917,-19.29679,-19.23513,-19.17365
175.9,-19.31817,-21.76865,-19.29858,-19.24736,-19.1635
176,-19.31384,-21.75953,-19.29787,-19.25053,-19.16385
176.1,-19.30575,-21.74972,-19.28341,-19.26754,-19.17074
176.2,-19.28714,-21.76475,-19.29827,-19.27756,-19.17539
176.3,-19.29807,-21.76723,-19.29704,-19.27198,-19.16111
176.4,-19.31159,-21.75667,-19.28377,-19.27027,-19.12583
176.5,-19.31051,-21.77732,-19.28016,-19.2372,-19.12609
176.6,-19.30242,-21.76639,-19.30623,-19.25616,-19.1165
176.7,-19.30945,-21.76379,-19.2995,-19.26111,-19.11875
176.8,-19.32296,-21.75922,-19.30915,-19.25526,-19.11651
176.9,-19.34969,-21.77396,-19.31445,-19.24672,-19.12204
177,-19.36942,-21.79133,-19.3093,-19.24123,-19.1353
177.1,-19.39293,-21.79402,-19.31556,-19.22826,-19.14111
177.2,-19.39761,-21.80424,-19.30608,-19.23274,-19.13304
177.3,-19.39296,-21.81218,-19.29846,-19.22213,-19.16315
177.4,-19.39593,-21.80705,-19.31109,-19.20714,-19.16772
177.5,-19.40439,-21.83505,-19.3127,-19.21172,-19.1824
177.6,-19.41586,-21.82018,-19.29177,-19.19468,-19.17011
177.7,-19.39999,-21.84538,-19.30614,-19.21284,-19.16785
177.8,-19.41122,-21.827,-19.31752,-19.21436,-19.16424
177.9,-19.45304,-21.82053,-19.31132,-19.21848,-19.17304
178,-19.47933,-21.83166,-19.31107,-19.22178,-19.17534
178.1,-19.48878,-21.82133,-19.32443,-19.20171,-19.17782
178.2,-19.4871,-21.82248,-19.30534,-19.19571,-19.20664
178.3,-19.48917,-21.84094,-19.33081,-19.20541,-19.21553
178.4,-19.49456,-21.83923,-19.35786,-19.22621,-19.21374
178.5,-19.53077,-21.82066,-19.36947,-19.22665,-19.23525
178.6,-19.52517,-21.861,-19.38555,-19.23534,-19.24147
178.7,-19.54581,-21.88719,-19.39629,-19.21669,-19.26513
178.8,-19.55332,-21.90702,-19.40791,-19.20941,-19.25687
178.9,-19.57464,-21.9101,-19.41029,-19.19053,-19.24081
179,-19.57592,-21.90234,-19.39956,-19.21247,-19.24345
179.1,-19.59351,-21.9095,-19.41345,-19.20861,-19.2355
179.2,-19.60731,-21.90553,-19.43571,-19.21906,-19.23095
179.3,-19.62063,-21.93603,-19.4319,-19.23481,-19.24644
179.4,-19.65014,-21.93076,-19.46755,-19.23327,-19.24193
179.5,-19.6697,-21.93573,-19.48367,-19.25557,-19.24228
179.6,-19.69441,-21.95121,-19.49445,-19.26176,-19.24643
179.7,-19.70573,-21.97117,-19.50589,-19.25106,-19.27262
179.8,-19.74344,-22.00021,-19.52619,-19.25712,-19.28387
179.9,-19.76273,-22.00746,-19.5234,-19.25528,-19.28542
180,-19.78076,-22.01734,-19.54189,-19.28122,-19.28784
180.1,-19.80918,-22.0161,-19.56689,-19.28937,-19.285
180.2,-19.82441,-22.04019,-19.59866,-19.28388,-19.25726
180.3,-19.82222,-22.0591,-19.60114,-19.29229,-19.26033
180.4,-19.81556,-22.07182,-19.62183,-19.31798,-19.28311
180.5,-19.82276,-22.06227,-19.64733,-19.31363,-19.28095
180.6,-19.85852,-22.07407,-19.65062,-19.32815,-19.30057
180.7,-19.90115,-22.07558,-19.65342,-19.33726,-19.28617
180.8,-19.90711,-22.09376,-19.656,-19.33381,-19.27927
180.9,-19.92683,-22.09759,-19.68581,-19.31731,-19.26983
181,-19.96014,-22.10751,-19.69574,-19.3275,-19.27613
181.1,-19.97264,-22.10931,-19.7169,-19.32527,-19.28469
181.2,-19.98938,-22.10951,-19.73055,-19.30622,-19.29802
181.3,-20.01343,-22.11104,-19.74681,-19.31367,-19.29549
181.4,-20.03092,-22.10323,-19.77115,-19.31913,-19.29083
181.5,-20.0688,-22.11897,-19.7956,-19.30778,-19.29373
181.6,-20.09594,-22.13127,-19.81304,-19.33669,-19.31266
181.7,-20.11002,-22.11745,-19.84818,-19.33976,-19.30167
181.8,-20.12203,-22.11812,-19.85779,-19.3297,-19.29617
181.9,-20.15116,-22.12257,-19.865,-19.31695,-19.30514
182,-20.18447,-22.1255,-19.89913,-19.29096,-19.31862
182.1,-20.20993,-22.11322,-19.90611,-19.2919,-19.28691
182.2,-20.23992,-22.10214,-19.9005,-19.30603,-19.31766
182.3,-20.26626,-22.10525,-19.91696,-19.29084,-19.30835
182.4,-20.29813,-22.12291,-19.94159,-19.28339,-19.29432
182.5,-20.32595,-22.12727,-19.96848,-19.28843,-19.29909
182.6,-20.33279,-22.14437,-19.99161,-19.28414,-19.31291
182.7,-20.35007,-22.10359,-20.01445,-19.30035,-19.3278
182.8,-20.34853,-22.10664,-20.00929,-19.32526,-19.34304
182.9,-20.38068,-22.10895,-20.03029,-19.32923,-19.33355
183,-20.39843,-22.1391,-20.05437,-19.32007,-19.34667
183.1,-20.41945,-22.14711,-20.05551,-19.32769,-19.32056
183.2,-20.44027,-22.13528,-20.07117,-19.31862,-19.3226
183.3,-20.45677,-22.12142,-20.09131,-19.33162,-19.3293
183.4,-20.48495,-22.12599,-20.08642,-19.31288,-19.33774
183.5,-20.49637,-22.12483,-20.10015,-19.29334,-19.33237
183.6,-20.52292,-22.13604,-20.10748,-19.30493,-19.31361
183.7,-20.52935,-22.11497,-20.09767,-19.31376,-19.30434
183.8,-20.55977,-22.12825,-20.11715,-19.33632,-19.31898
183.9,-20.57111,-22.11639,-20.1172,-19.33368,-19.32905
184,-20.58408,-22.09844,-20.12989,-19.33984,-19.33261
184.1,-20.60096,-22.11838,-20.13603,-19.3293,-19.33578
184.2,-20.62048,-22.12923,-20.14527,-19.34386,-19.33525
184.3,-20.62319,-22.13607,-20.14748,-19.36919,-19.3096
184.4,-20.63405,-22.11823,-20.16099,-19.37954,-19.32109
184.5,-20.64761,-22.13977,-20.18563,-19.38518,-19.30881
184.6,-20.63456,-22.11585,-20.20088,-19.37889,-19.30316
184.7,-20.62859,-22.10628,-20.20312,-19.3675,-19.2969
184.8,-20.64612,-22.0724,-20.2001,-19.38816,-19.27389
184.9,-20.64755,-22.05206,-20.21497,-19.39174,-19.26101
185,-20.65382,-22.01996,-20.23075,-19.37892,-19.25423
185.1,-20.66896,-21.99927,-20.25271,-19.40293,-19.26384
185.2,-20.66902,-21.99243,-20.26664,-19.4285,-19.26168
185.3,-20.68734,-22.01376,-20.27135,-19.43425,-19.24554
185.4,-20.67177,-22.01447,-20.27892,-19.45616,-19.23908
185.5,-20.65098,-21.99208,-20.27495,-19.45888,-19.23766
185.6,-20.65823,-22.00848,-20.29491,-19.4417,-19.23665
185.7,-20.65709,-21.99518,-20.28654,-19.44068,-19.23869
185.8,-20.66214,-22.01031,-20.28264,-19.4526,-19.24594
185.9,-20.66681,-22.01917,-20.30432,-19.44098,-19.24326
186,-20.6706,-22.00091,-20.32501,-19.46133,-19.24032
186.1,-20.6957,-22.01072,-20.31035,-19.46335,-19.22393
186.2,-20.6895,-22.01142,-20.28682,-19.48086,-19.21062
186.3,-20.68813,-22.00587,-20.28751,-19.49401,-19.23106
186.4,-20.6667,-21.99375,-20.29999,-19.51984,-19.24346
186.5,-20.68211,-21.97077,-20.28092,-19.49582,-19.23646
186.6,-20.65701,-21.98581,-20.3023,-19.51854,-19.22169
186.7,-20.67137,-21.98466,-20.30449,-19.5109,-19.22933
186.8,-20.67602,-21.99581,-20.30855,-19.51204,-19.22398
186.9,-20.67251,-21.98734,-20.3052,-19.49112,-19.22341
187,-20.66456,-21.962,-20.32284,-19.52918,-19.22277
187.1,-20.66961,-21.95125,-20.30777,-19.53604,-19.25321
187.2,-20.65942,-21.94508,-20.32181,-19.56115,-19.24554
187.3,-20.65922,-21.93258,-20.32416,-19.54904,-19.25407
187.4,-20.65551,-21.93424,-20.34004,-19.55591,-19.24372
187.5,-20.63008,-21.95155,-20.33448,-19.56415,-19.25364
187.6,-20.64613,-21.96265,-20.31075,-19.57654,-19.24268
187.7,-20.65048,-21.93567,-20.3044,-19.57192,-19.25254
187.8,-20.62986,-21.91993,-20.29015,-19.56339,-19.23378
187.9,-20.62828,-21.90703,-20.2964,-19.55782,-19.23703
188,-20.60266,-21.88357,-20.31116,-19.55144,-19.25102
188.1,-20.59436,-21.881,-20.3013,-19.5556,-19.24474
188.2,-20.59527,-21.86247,-20.28728,-19.51373,-19.23703
188.3,-20.60889,-21.84655,-20.30618,-19.51448,-19.22044
188.4,-20.59823,-21.85332,-20.30772,-19.518,-19.22896
188.5,-20.5913,-21.84851,-20.30369,-19.51698,-19.23694
188.6,-20.58198,-21.84444,-20.31518,-19.54981,-19.24169
188.7,-20.60667,-21.82296,-20.31192,-19.56365,-19.21729
188.8,-20.61111,-21.83656,-20.30306,-19.57165,-19.21963
188.9,-20.59509,-21.81447,-20.30647,-19.5792,-19.22255
189,-20.58613,-21.8075,-20.32192,-19.58673,-19.23131
189.1,-20.58947,-21.8133,-20.30831,-19.5895,-19.23814
189.2,-20.57478,-21.79555,-20.29606,-19.60765,-19.23337
189.3,-20.58243,-21.79197,-20.29893,-19.61753,-19.23203
189.4,-20.57836,-21.77538,-20.28456,-19.61962,-19.21343
189.5,-20.57208,-21.796,-20.2725,-19.61189,-19.22004
189.6,-20.55903,-21.78627,-20.2718,-19.62018,-19.23421
189.7,-20.56918,-21.78874,-20.24277,-19.60914,-19.26577
189.8,-20.57759,-21.77604,-20.25126,-19.62688,-19.28559
189.9,-20.56792,-21.78412,-20.26536,-19.62398,-19.29592
190,-20.54706,-21.78874,-20.28651,-19.63682,-19.27651
190.1,-20.55047,-21.78552,-20.2865,-19.63087,-19.27356
190.2,-20.53498,-21.78202,-20.27724,-19.63054,-19.27324
190.3,-20.54958,-21.77739,-20.28705,-19.62818,-19.27178
190.4,-20.54035,-21.74515,-20.28584,-19.64066,-19.27144
190.5,-20.53873,-21.73036,-20.29492,-19.63583,-19.26425
190.6,-20.52834,-21.73951,-20.27241,-19.6441,-19.26451
190.7,-20.49698,-21.72947,-20.23229,-19.63006,-19.2462
190.8,-20.48373,-21.72701,-20.21497,-19.63611,-19.24795
190.9,-20.47418,-21.68791,-20.23059,-19.65085,-19.25924
191,-20.48489,-21.67329,-20.20547,-19.66086,-19.26662
191.1,-20.48722,-21.69218,-20.18843,-19.68692,-19.27834
191.2,-20.45407,-21.67735,-20.18347,-19.71554,-19.28376
191.3,-20.43764,-21.65812,-20.1922,-19.7,-19.29425
191.4,-20.43344,-21.65493,-20.17995,-19.6857,-19.31081
191.5,-20.43128,-21.65715,-20.19245,-19.70743,-19.3142
191.6,-20.4228,-21.65054,-20.17451,-19.70321,-19.32466
191.7,-20.39876,-21.66192,-20.15167,-19.6884,-19.32651
191.8,-20.37968,-21.64934,-20.13328,-19.69921,-19.3218
191.9,-20.38703,-21.64397,-20.11667,-19.70437,-19.31459
192,-20.36685,-21.64761,-20.08306,-19.70451,-19.31312
192.1,-20.36074,-21.6564,-20.08357,-19.69418,-19.33147
192.2,-20.34781,-21.65688,-20.09143,-19.68313,-19.35577
192.3,-20.36693,-21.6431,-20.09192,-19.66049,-19.35922
192.4,-20.3648,-21.62223,-20.08486,-19.6459,-19.36289
192.5,-20.37391,-21.60232,-20.0755,-19.64998,-19.35887
192.6,-20.38,-21.57635,-20.05272,-19.64005,-19.35834
192.7,-20.38631,-21.57034,-20.04081,-19.64929,-19.36326
192.8,-20.37838,-21.55223,-20.02881,-19.64061,-19.37998
192.9,-20.3573,-21.55719,-20.02961,-19.6838,-19.36536
193,-20.36476,-21.5201,-19.99766,-19.67594,-19.36709
193.1,-20.36428,-21.51765,-19.99432,-19.68643,-19.36053
193.2,-20.35299,-21.51534,-19.97769,-19.67314,-19.37788
193.3,-20.3608,-21.50893,-19.95624,-19.64555,-19.36247
193.4,-20.34298,-21.49655,-20.0635,-19.64689,-19.36755
193.5,-20.32646,-21.4916,-20.07814,-19.63632,-19.36733
193.6,-20.31255,-21.48557,-20.07343,-19.64284,-19.36404
193.7,-20.32187,-21.46429,-20.0696,-19.62634,-19.36762
193.8,-20.31972,-21.46235,-20.07673,-19.64252,-19.36684
193.9,-20.29243,-21.45689,-20.04627,-19.63294,-19.34643
194,-20.27877,-21.43037,-20.03997,-19.63225,-19.34839
194.1,-20.25867,-21.41197,-20.02688,-19.64146,-19.34416
194.2,-20.27337,-21.42512,-20.03993,-19.6283,-19.35289
194.3,-20.26165,-21.41533,-20.05087,-19.60972,-19.35321
194.4,-20.25344,-21.43358,-20.04712,-19.59916,-19.35081
194.5,-20.23414,-21.44478,-20.04739,-19.5967,-19.32262
194.6,-20.23238,-21.45913,-20.04415,-19.62838,-19.31923
194.7,-20.22076,-21.43884,-20.03069,-19.62849,-19.30811
194.8,-20.22228,-21.43607,-20.02125,-19.63405,-19.31517
194.9,-20.20651,-21.43586,-20.00908,-19.62669,-19.30413
195,-20.19663,-21.43364,-20.02748,-19.63285,-19.29841
195.1,-20.2116,-21.42504,-20.00626,-19.60932,-19.30194
195.2,-20.20093,-21.40591,-19.98406,-19.59082,-19.31529
195.3,-20.20567,-21.38356,-20.00429,-19.59379,-19.3212
195.4,-20.19951,-21.38764,-20.02057,-19.61501,-19.32122
195.5,-20.22543,-21.35458,-20.00801,-19.61576,-19.33541
195.6,-20.16879,-21.33691,-19.99137,-19.61112,-19.334
195.7,-20.15233,-21.32737,-19.99803,-19.61759,-19.35835
195.8,-20.15305,-21.31597,-19.99296,-19.61699,-19.32624
195.9,-20.14734,-21.31978,-19.98263,-19.62344,-19.33317
196,-20.1408,-21.32493,-19.97482,-19.62512,-19.31814
196.1,-20.14719,-21.31839,-19.95608,-19.61303,-19.33372
196.2,-20.16248,-21.31175,-19.92439,-19.609,-19.3321
196.3,-20.1515,-21.30737,-19.93352,-19.5678,-19.32574
196.4,-20.16051,-21.2888,-19.90886,-19.58453,-19.33875
196.5,-20.16413,-21.28518,-19.91402,-19.60184,-19.33263
196.6,-20.161,-21.28293,-19.8981,-19.58747,-19.32262
196.7,-20.11969,-21.25315,-19.88547,-19.58591,-19.3295
196.8,-20.09795,-21.25432,-19.89138,-19.5712,-19.32147
196.9,-20.09508,-21.26133,-19.89679,-19.55705,-19.32817
197,-20.07406,-21.24053,-19.87802,-19.57277,-19.31247
197.1,-20.05634,-21.25316,-19.87489,-19.55288,-19.30711
197.2,-20.07115,-21.25485,-19.87011,-19.56938,-19.31528
197.3,-20.07758,-21.26705,-19.87852,-19.56374,-19.30754
197.4,-20.07324,-21.2712,-19.87954,-19.56839,-19.30176
197.5,-20.05746,-21.26992,-19.86645,-19.5636,-19.29224
197.6,-20.03066,-21.26449,-19.86602,-19.54543,-19.31124
197.7,-20.02737,-21.24625,-19.85763,-19.5383,-19.30047
197.8,-20.01819,-21.23668,-19.84468,-19.53656,-19.30693
197.9,-20.01238,-21.22936,-19.84674,-19.54208,-19.30466
198,-20.03716,-21.23696,-19.83253,-19.56281,-19.31576
198.1,-20.02574,-21.23859,-19.83817,-19.56448,-19.31081
198.2,-20.02507,-21.21329,-19.83222,-19.56821,-19.31418
198.3,-20.01044,-21.20595,-19.82646,-19.5779,-19.33808
198.4,-20.00004,-21.19668,-19.81419,-19.56749,-19.3488
198.5,-20.00414,-21.18601,-19.83224,-19.56597,-19.34311
198.6,-20.02094,-21.18672,-19.83856,-19.58306,-19.34153
198.7,-20.02292,-21.20709,-19.82478,-19.60605,-19.32549
198.8,-19.99722,-21.21534,-19.81603,-19.60226,-19.33246
198.9,-19.97548,-21.2292,-19.8381,-19.60495,-19.32689
199,-19.975,-21.20974,-19.82641,-19.58292,-19.2985
199.1,-19.98633,-21.1961,-19.83407,-19.58198,-19.29826
199.2,-19.98089,-21.17011,-19.83864,-19.58005,-19.30933
199.3,-19.9842,-21.14584,-19.81307,-19.58009,-19.30151
199.4,-20.00852,-21.13871,-19.82416,-19.5676,-19.28814
199.5,-20.02717,-21.1245,-19.83358,-19.55248,-19.29898
199.6,-20.03522,-21.10407,-19.83295,-19.53919,-19.31214
199.7,-20.02947,-21.06753,-19.8377,-19.55697,-19.28672
199.8,-20.02295,-21.06609,-19.82799,-19.55751,-19.31269
199.9,-20.01718,-21.08068,-19.81411,-19.56135,-19.30512
200,-19.99836,-21.09548,-19.83654,-19.55818,-19.28843
200.1,-20.00411,-21.08213,-19.85041,-19.5435,-19.30119
200.2,-20.00025,-21.06963,-19.84364,-19.53251,-19.28402
200.3,-19.9606,-21.04966,-19.85277,-19.53903,-19.29753
200.4,-19.96175,-21.05116,-19.84905,-19.51774,-19.26482
200.5,-19.94484,-21.06978,-19.84555,-19.51948,-19.27477
200.6,-19.94362,-21.06369,-19.82225,-19.53855,-19.30214
200.7,-19.94347,-21.07516,-19.79361,-19.54616,-19.31115
200.8,-19.92317,-21.03737,-19.77901,-19.53138,-19.31183
200.9,-19.91029,-21.02376,-19.78239,-19.55475,-19.30644
201,-19.90475,-21.03552,-19.77121,-19.54806,-19.2782
201.1,-19.88873,-21.02201,-19.76314,-19.54086,-19.27771
201.2,-19.87918,-21.04312,-19.74849,-19.52618,-19.27362
201.3,-19.88688,-21.05503,-19.72834,-19.52558,-19.27054
201.4,-19.88206,-21.03295,-19.72216,-19.51944,-19.27119
201.5,-19.8873,-21.00308,-19.71458,-19.51685,-19.25475
201.6,-19.88219,-21.00792,-19.70492,-19.51207,-19.24238
201.7,-19.87463,-21.0258,-19.70443,-19.5034,-19.25306
201.8,-19.88033,-21.04555,-19.70311,-19.50961,-19.26548
201.9,-19.87636,-21.02503,-19.70097,-19.52497,-19.25813
202,-19.85762,-21.04851,-19.70077,-19.52212,-19.27171
202.1,-19.84919,-21.0353,-19.68219,-19.53382,-19.259
202.2,-19.84174,-21.04563,-19.67943,-19.54311,-19.25218
202.3,-19.85371,-21.04931,-19.68386,-19.55116,-19.26932
202.4,-19.8375,-21.02564,-19.66736,-19.54818,-19.27434
202.5,-19.82994,-20.99887,-19.66209,-19.52164,-19.28688
202.6,-19.84386,-21.00377,-19.70359,-19.50507,-19.29746
202.7,-19.87121,-20.99546,-19.67395,-19.48924,-19.31737
202.8,-19.8648,-20.99225,-19.66467,-19.4953,-19.34108
202.9,-19.86347,-20.99435,-19.67336,-19.48943,-19.3291
203,-19.85757,-21.00372,-19.69004,-19.49291,-19.3093
203.1,-19.87124,-20.98676,-19.69088,-19.47663,-19.30048
203.2,-19.86608,-20.98972,-19.67182,-19.44977,-19.31985
203.3,-19.85071,-20.96052,-19.67382,-19.40263,-19.31509
203.4,-19.86324,-20.96548,-19.67492,-19.49922,-19.33142
203.5,-19.82979,-20.9767,-19.70106,-19.47304,-19.32252
203.6,-19.82325,-20.93235,-19.69488,-19.4989,-19.31018
203.7,-19.81831,-20.93715,-19.68671,-19.48283,-19.32677
203.8,-19.80534,-20.92582,-19.67186,-19.51748,-19.31954
203.9,-19.79429,-20.93119,-19.67194,-19.53062,-19.32681
204,-19.77712,-20.93574,-19.69766,-19.5136,-19.33111
204.1,-19.7835,-20.93994,-19.69007,-19.5178,-19.31474
204.2,-19.75569,-20.92666,-19.69385,-19.5101,-19.28661
204.3,-19.75555,-20.9291,-19.6948,-19.50009,-19.25923
204.4,-19.75715,-20.93168,-19.69461,-19.50485,-19.25382
204.5,-19.74787,-20.91298,-19.70164,-19.52005,-19.23756
204.6,-19.73721,-20.92098,-19.70679,-19.5182,-19.22766
204.7,-19.73763,-20.8931,-19.71441,-19.51172,-19.23562
204.8,-19.72578,-20.87914,-19.70944,-19.51151,-19.24047
204.9,-19.72488,-20.87591,-19.704,-19.50924,-19.24584
205,-19.73257,-20.85986,-19.71801,-19.51559,-19.24106
205.1,-19.70966,-20.85579,-19.70321,-19.50008,-19.23953
205.2,-19.70655,-20.85498,-19.69006,-19.51372,-19.24667
205.3,-19.70117,-20.83414,-19.6724,-19.53687,-19.23467
205.4,-19.70476,-20.84672,-19.66827,-19.53696,-19.21312
205.5,-19.68712,-20.84736,-19.66515,-19.55039,-19.22017
205.6,-19.69957,-20.85523,-19.67222,-19.52214,-19.22761
205.7,-19.70492,-20.85807,-19.68457,-19.51129,-19.23776
205.8,-19.68626,-20.84138,-19.69687,-19.51532,-19.2477
205.9,-19.70008,-20.86132,-19.67,-19.48687,-19.24515
206,-19.70054,-20.84911,-19.67032,-19.49455,-19.24617
206.1,-19.68843,-20.83195,-19.64945,-19.50425,-19.22509
206.2,-19.70354,-20.81877,-19.65308,-19.50761,-19.22472
206.3,-19.69548,-20.81326,-19.64874,-19.4926,-19.22385
206.4,-19.7003,-20.82312,-19.6691,-19.49407,-19.22855
206.5,-19.70864,-20.81463,-19.66353,-19.49911,-19.22437
206.6,-19.71037,-20.79013,-19.69621,-19.50409,-19.21893
206.7,-19.70855,-20.78648,-19.66224,-19.4753,-19.20917
206.8,-19.69148,-20.79206,-19.64344,-19.45951,-19.19685
206.9,-19.66456,-20.81076,-19.64251,-19.48715,-19.18637
207,-19.67435,-20.80453,-19.63032,-19.49051,-19.19787
207.1,-19.68681,-20.79962,-19.61889,-19.48067,-19.18565
207.2,-19.69057,-20.81262,-19.59689,-19.48717,-19.17563
207.3,-19.69403,-20.80213,-19.61796,-19.46962,-19.17029
207.4,-19.69854,-20.79094,-19.61353,-19.46365,-19.18519
207.5,-19.67536,-20.77672,-19.59905,-19.45962,-19.19899
207.6,-19.65236,-20.7763,-19.6147,-19.4857,-19.20787
207.7,-19.64103,-20.76219,-19.60239,-19.46419,-19.20965
207.8,-19.61457,-20.75382,-19.61297,-19.45609,-19.2147
207.9,-19.61624,-20.78664,-19.61386,-19.45207,-19.21378
208,-19.61491,-20.78242,-19.60838,-19.44048,-19.21751
208.1,-19.59366,-20.79913,-19.61161,-19.45677,-19.20448
208.2,-19.57419,-20.7858,-19.62922,-19.45358,-19.20485
208.3,-19.56238,-20.78347,-19.61608,-19.45791,-19.18347
208.4,-19.56223,-20.76355,-19.60517,-19.45183,-19.1689
208.5,-19.55803,-20.7445,-19.61783,-19.43557,-19.18613
208.6,-19.54695,-20.70206,-19.61504,-19.41266,-19.18704
208.7,-19.57623,-20.71057,-19.58879,-19.39966,-19.18554
208.8,-19.56264,-20.71376,-19.59053,-19.3834,-19.19626
208.9,-19.56197,-20.69912,-19.56347,-19.37729,-19.18823
209,-19.58618,-20.68773,-19.53327,-19.37941,-19.19554
209.1,-19.59071,-20.68808,-19.52748,-19.37506,-19.2173
209.2,-19.58134,-20.69393,-19.56077,-19.37867,-19.21711
209.3,-19.58983,-20.71992,-19.55752,-19.39328,-19.20032
209.4,-19.5814,-20.7279,-19.54939,-19.37968,-19.21116
209.5,-19.58033,-20.70024,-19.53326,-19.39792,-19.21009
209.6,-19.57433,-20.70566,-19.54198,-19.38562,-19.21044
209.7,-19.55705,-20.71089,-19.52571,-19.40396,-19.19844
209.8,-19.53556,-20.71089,-19.53226,-19.40244,-19.20772
209.9,-19.53093,-20.70162,-19.5333,-19.41512,-19.21528
210,-19.53227,-20.71565,-19.53443,-19.40451,-19.23902
210.1,-19.53988,-20.68407,-19.52194,-19.40265,-19.26137
210.2,-19.53528,-20.68634,-19.51128,-19.40976,-19.26853
210.3,-19.53108,-20.68197,-19.52595,-19.42601,-19.28395
210.4,-19.52885,-20.69225,-19.52436,-19.42838,-19.28086
210.5,-19.54276,-20.70712,-19.51861,-19.43829,-19.26596
210.6,-19.54475,-20.69852,-19.51914,-19.43922,-19.27998
210.7,-19.52422,-20.68415,-19.53062,-19.47173,-19.2554
210.8,-19.50982,-20.69372,-19.51463,-19.48777,-19.23877
210.9,-19.47803,-20.68818,-19.5086,-19.47522,-19.24508
211,-19.4908,-20.69279,-19.51525,-19.46457,-19.25578
211.1,-19.46125,-20.69677,-19.53568,-19.47953,-19.26703
211.2,-19.47506,-20.67524,-19.53584,-19.47873,-19.25782
211.3,-19.51158,-20.66237,-19.53998,-19.45,-19.26274
211.4,-19.5126,-20.64928,-19.55177,-19.44029,-19.25346
211.5,-19.50755,-20.65391,-19.53299,-19.43233,-19.23991
211.6,-19.50446,-20.66049,-19.5238,-19.4258,-19.25167
211.7,-19.50699,-20.67271,-19.51106,-19.43308,-19.25513
211.8,-19.49401,-20.66524,-19.50103,-19.44473,-19.23863
211.9,-19.50096,-20.62065,-19.49735,-19.44223,-19.23698
212,-19.48005,-20.61303,-19.4884,-19.43353,-19.22994
212.1,-19.45115,-20.60602,-19.48536,-19.42411,-19.22743
212.2,-19.43036,-20.59325,-19.49061,-19.42086,-19.22783
212.3,-19.53598,-20.5918,-19.49596,-19.41046,-19.20989
212.4,-19.52077,-20.60276,-19.49505,-19.40931,-19.21166
212.5,-19.50392,-20.5959,-19.49651,-19.38898,-19.20973
212.6,-19.49093,-20.61104,-19.50341,-19.36034,-19.18693
212.7,-19.46952,-20.58213,-19.48156,-19.367,-19.19468
212.8,-19.47573,-20.58615,-19.47854,-19.38435,-19.17626
212.9,-19.48651,-20.60331,-19.49045,-19.38109,-19.17659
213,-19.46494,-20.61714,-19.48448,-19.35526,-19.17935
213.1,-19.46579,-20.61137,-19.49688,-19.37506,-19.17504
213.2,-19.47452,-20.61308,-19.51144,-19.36811,-19.17492
213.3,-19.4709,-20.58291,-19.50165,-19.36355,-19.16763
213.4,-19.45535,-20.60514,-19.51242,-19.38198,-19.18796
213.5,-19.43794,-20.60123,-19.49546,-19.39133,-19.1907
213.6,-19.45493,-20.58522,-19.46215,-19.39645,-19.22295
213.7,-19.47289,-20.60244,-19.47719,-19.37328,-19.23324
213.8,-19.46891,-20.59589,-19.48385,-19.37842,-19.22576
213.9,-19.44534,-20.5964,-19.45965,-19.40255,-19.22232
214,-19.43094,-20.58859,-19.44981,-19.38363,-19.21323
214.1,-19.44855,-20.59054,-19.4331,-19.36018,-19.20868
214.2,-19.45533,-20.58941,-19.44621,-19.37852,-19.21984
214.3,-19.45823,-20.54231,-19.43658,-19.39418,-19.22659
214.4,-19.45519,-20.54036,-19.44805,-19.37626,-19.21266
214.5,-19.46146,-20.55172,-19.45534,-19.39404,-19.20808
214.6,-19.47644,-20.5391,-19.49075,-19.39567,-19.30426
214.7,-19.46665,-20.55514,-19.48473,-19.41217,-19.3238
214.8,-19.46053,-20.5648,-19.49389,-19.41876,-19.31768
214.9,-19.46737,-20.56369,-19.4811,-19.40859,-19.31854
215,-19.46744,-20.55617,-19.45929,-19.41763,-19.30862
215.1,-19.45787,-20.54714,-19.44691,-19.41786,-19.30089
215.2,-19.46199,-20.55059,-19.45484,-19.41203,-19.31236
215.3,-19.4623,-20.54895,-19.47041,-19.40837,-19.30461
215.4,-19.46613,-20.54477,-19.47356,-19.40607,-19.29375
215.5,-19.43273,-20.53252,-19.46625,-19.40927,-19.29642
215.6,-19.42771,-20.50734,-19.45526,-19.3967,-19.29851
215.7,-19.43656,-20.48229,-19.45202,-19.38314,-19.30258
215.8,-19.46145,-20.47062,-19.45103,-19.39354,-19.2989
215.9,-19.46142,-20.46387,-19.43209,-19.37807,-19.29134
216,-19.45164,-20.4729,-19.43564,-19.37456,-19.27766
216.1,-19.45803,-20.46247,-19.43301,-19.34378,-19.26979
216.2,-19.45163,-20.45046,-19.42137,-19.35203,-19.27277
216.3,-19.45939,-20.44568,-19.3983,-19.3533,-19.25989
216.4,-19.47804,-20.44937,-19.41867,-19.36719,-19.24439
216.5,-19.4894,-20.43144,-19.45274,-19.33969,-19.25128
216.6,-19.47991,-20.43643,-19.45571,-19.32966,-19.25967
216.7,-19.44686,-20.43962,-19.46507,-19.33688,-19.24732
216.8,-19.43909,-20.42102,-19.45417,-19.34277,-19.23068
216.9,-19.45347,-20.41964,-19.44741,-19.31806,-19.22897
217,-19.45134,-20.40998,-19.4429,-19.32496,-19.2072
217.1,-19.43853,-20.4034,-19.4677,-19.33256,-19.20077
217.2,-19.45833,-20.40902,-19.45662,-19.34471,-19.2289
217.3,-19.47273,-20.40343,-19.45984,-19.34576,-19.23317
217.4,-19.46186,-20.43274,-19.45024,-19.35303,-19.24367
217.5,-19.4424,-20.44385,-19.44581,-19.33611,-19.24431
217.6,-19.44788,-20.42106,-19.43572,-19.31632,-19.25988
217.7,-19.44041,-20.42654,-19.44272,-19.30373,-19.25977
217.8,-19.42936,-20.44827,-19.44711,-19.29129,-19.27525
217.9,-19.42239,-20.43784,-19.44509,-19.2948,-19.26598
218,-19.41137,-20.42615,-19.43083,-19.29279,-19.2545
218.1,-19.42841,-20.43263,-19.44761,-19.26875,-19.25518
218.2,-19.42328,-20.42789,-19.4445,-19.26257,-19.24265
218.3,-19.42181,-20.43193,-19.42383,-19.26751,-19.21569
218.4,-19.42242,-20.44756,-19.4288,-19.28006,-19.20116
218.5,-19.40116,-20.4436,-19.44479,-19.2967,-19.18521
218.6,-19.40296,-20.44671,-19.45263,-19.30234,-19.18194
218.7,-19.42233,-20.45179,-19.4159,-19.32265,-19.17183
218.8,-19.41649,-20.44042,-19.4035,-19.32157,-19.17539
218.9,-19.41897,-20.42942,-19.39641,-19.33982,-19.1799
219,-19.42638,-20.40857,-19.38903,-19.35024,-19.19047
219.1,-19.41111,-20.40171,-19.38102,-19.34899,-19.17669
219.2,-19.4072,-20.39404,-19.36342,-19.36353,-19.16921
219.3,-19.39762,-20.38905,-19.35559,-19.36961,-19.17585
219.4,-19.3888,-20.36653,-19.34982,-19.34896,-19.16409
219.5,-19.37687,-20.35996,-19.33103,-19.35534,-19.17803
219.6,-19.38688,-20.36498,-19.31743,-19.36676,-19.18064
219.7,-19.38192,-20.36023,-19.28579,-19.37407,-19.17899
219.8,-19.40195,-20.32708,-19.2757,-19.34516,-19.17718
219.9,-19.41803,-20.31843,-19.29906,-19.32579,-19.15082
220,-19.4078,-20.33224,-19.30334,-19.33644,-19.1493
220.1,-19.38225,-20.34717,-19.31455,-19.33593,-19.11438
220.2,-19.40039,-20.33604,-19.30754,-19.33414,-19.12689
220.3,-19.3765,-20.32411,-19.30804,-19.32788,-19.14885
220.4,-19.38943,-20.31213,-19.30866,-19.32801,-19.15507
220.5,-19.38609,-20.29966,-19.3169,-19.32586,-19.14884
220.6,-19.38597,-20.30446,-19.30549,-19.33745,-19.13263
220.7,-19.3849,-20.30671,-19.3159,-19.36662,-19.14619
220.8,-19.37414,-20.27476,-19.30392,-19.37058,-19.17874
220.9,-19.34157,-20.28897,-19.3037,-19.35953,-19.17055
221,-19.35396,-20.28011,-19.31781,-19.34887,-19.20423
221.1,-19.33472,-20.29368,-19.30623,-19.34636,-19.19932
221.2,-19.34182,-20.27789,-19.29466,-19.33596,-19.21317
221.3,-19.33599,-20.2619,-19.29374,-19.33624,-19.22486
221.4,-19.31546,-20.27452,-19.311,-19.35967,-19.2178
221.5,-19.31497,-20.28023,-19.30522,-19.36486,-19.21244
221.6,-19.31259,-20.27951,-19.31281,-19.35788,-19.21034
221.7,-19.27957,-20.26568,-19.33003,-19.35738,-19.22457
221.8,-19.25064,-20.27027,-19.33436,-19.34896,-19.23357
221.9,-19.24496,-20.26944,-19.3053,-19.32853,-19.23005
222,-19.23939,-20.26935,-19.29577,-19.30687,-19.2336
222.1,-19.23652,-20.26252,-19.28646,-19.30417,-19.22908
222.2,-19.23323,-20.26148,-19.24239,-19.30372,-19.23084
222.3,-19.22383,-20.24268,-19.25547,-19.2985,-19.24115
222.4,-19.24556,-20.22233,-19.24095,-19.29698,-19.25401
222.5,-19.2373,-20.22859,-19.26748,-19.31473,-19.23741
222.6,-19.24232,-20.23924,-19.26838,-19.30847,-19.2125
222.7,-19.25049,-20.21611,-19.27165,-19.28354,-19.21432
222.8,-19.24508,-20.19718,-19.2634,-19.27748,-19.21303
222.9,-19.24205,-20.1789,-19.26212,-19.26676,-19.19256
223,-19.24957,-20.16831,-19.24699,-19.27423,-19.16977
223.1,-19.23067,-20.16037,-19.24232,-19.31117,-19.28623
223.2,-19.25087,-20.15571,-19.25884,-19.31571,-19.29559
223.3,-19.25632,-20.16543,-19.2627,-19.30814,-19.29426
223.4,-19.25164,-20.15821,-19.24794,-19.29595,-19.2944
223.5,-19.28476,-20.16066,-19.26754,-19.31623,-19.28263
223.6,-19.27497,-20.16901,-19.26531,-19.32362,-19.25388
223.7,-19.25013,-20.16037,-19.2696,-19.32476,-19.24599
223.8,-19.25546,-20.14514,-19.2619,-19.32497,-19.24242
223.9,-19.24128,-20.1415,-19.2389,-19.34324,-19.23882
224,-19.24176,-20.13433,-19.22578,-19.34755,-19.25201
224.1,-19.21841,-20.13888,-19.23002,-19.33902,-19.25891
224.2,-19.24002,-20.14575,-19.21171,-19.33051,-19.26875
224.3,-19.24397,-20.15944,-19.21037,-19.33288,-19.2618
224.4,-19.22796,-20.16938,-19.20369,-19.33836,-19.26973
224.5,-19.23865,-20.16216,-19.25482,-19.34069,-19.28087
224.6,-19.21382,-20.15385,-19.24683,-19.33733,-19.2958
224.7,-19.22285,-20.19139,-19.25142,-19.30912,-19.30322
224.8,-19.22198,-20.19214,-19.23928,-19.31875,-19.31312
224.9,-19.23132,-20.17939,-19.26156,-19.30948,-19.31282
225,-19.22152,-20.17219,-19.27595,-19.31438,-19.30537
225.1,-19.22498,-20.1737,-19.27196,-19.30337,-19.29728
225.2,-19.21911,-20.17205,-19.2737,-19.30862,-19.26723
225.3,-19.21909,-20.17197,-19.26333,-19.32687,-19.27573
225.4,-19.20379,-20.17642,-19.25751,-19.33139,-19.28031
225.5,-19.20379,-20.17127,-19.26015,-19.32689,-19.2705
225.6,-19.19434,-20.18764,-19.26864,-19.3305,-19.25901
225.7,-19.21896,-20.18705,-19.26933,-19.32674,-19.26456
225.8,-19.21537,-20.18699,-19.26905,-19.33839,-19.28095
225.9,-19.21182,-20.19964,-19.27082,-19.34174,-19.2612
226,-19.22209,-20.19205,-19.25804,-19.33729,-19.25745
226.1,-19.20744,-20.17424,-19.23726,-19.32573,-19.25654
226.2,-19.21264,-20.18363,-19.24191,-19.3355,-19.22719
226.3,-19.20834,-20.18695,-19.22296,-19.32786,-19.22021
226.4,-19.19266,-20.17626,-19.22545,-19.315,-19.19848
226.5,-19.19187,-20.15893,-19.21509,-19.31557,-19.1959
226.6,-19.18201,-20.17364,-19.1961,-19.3342,-19.18019
226.7,-19.21057,-20.16981,-19.20511,-19.34963,-19.1777
226.8,-19.21482,-20.15025,-19.21924,-19.33444,-19.18508
226.9,-19.22531,-20.14348,-19.21468,-19.33576,-19.19376
227,-19.22284,-20.14614,-19.22807,-19.36223,-19.22184
227.1,-19.20456,-20.16165,-19.23043,-19.35738,-19.20471
227.2,-19.21257,-20.15832,-19.21191,-19.3591,-19.24752
227.3,-19.20346,-20.15212,-19.23285,-19.36971,-19.24037
227.4,-19.22045,-20.15179,-19.23626,-19.34623,-19.23055
227.5,-19.21079,-20.14668,-19.24957,-19.33276,-19.23622
227.6,-19.20038,-20.12166,-19.23337,-19.34837,-19.2429
227.7,-19.1953,-20.11732,-19.22464,-19.36424,-19.247
227.8,-19.19549,-20.13192,-19.2209,-19.34935,-19.23087
227.9,-19.18963,-20.13563,-19.21451,-19.32892,-19.22282
228,-19.19888,-20.13302,-19.22027,-19.33059,-19.22471
228.1,-19.20703,-20.1524,-19.21684,-19.32663,-19.22314
228.2,-19.17136,-20.16139,-19.24075,-19.31184,-19.20116
228.3,-19.16378,-20.16565,-19.22645,-19.3259,-19.19671
228.4,-19.16885,-20.15258,-19.21869,-19.33522,-19.20611
228.5,-19.16049,-20.13695,-19.20262,-19.3191,-19.19596
228.6,-19.1571,-20.1298,-19.2062,-19.3215,-19.19161
228.7,-19.16302,-20.12566,-19.20727,-19.33567,-19.2108
228.8,-19.16254,-20.11132,-19.19975,-19.33913,-19.20623
228.9,-19.15734,-20.09876,-19.18184,-19.33148,-19.237
229,-19.14101,-20.10525,-19.19718,-19.33754,-19.21061
229.1,-19.14705,-20.11189,-19.21184,-19.35154,-19.20338
229.2,-19.15909,-20.11696,-19.21168,-19.36257,-19.19764
229.3,-19.14713,-20.12683,-19.22518,-19.37238,-19.21161
229.4,-19.15799,-20.11181,-19.23443,-19.34309,-19.21587
229.5,-19.16744,-20.11316,-19.22637,-19.35109,-19.22343
229.6,-19.17207,-20.08856,-19.22748,-19.35693,-19.25766
229.7,-19.16513,-20.08543,-19.22347,-19.35684,-19.26327
229.8,-19.17164,-20.09109,-19.23173,-19.35529,-19.2501
229.9,-19.18058,-20.06775,-19.26489,-19.3629,-19.23001
230,-19.19217,-20.07457,-19.26218,-19.35822,-19.22526
230.1,-19.19716,-20.07088,-19.28011,-19.35045,-19.20268
230.2,-19.20138,-20.06491,-19.26602,-19.33555,-19.21068
230.3,-19.20728,-20.04062,-19.25766,-19.32379,-19.20291
230.4,-19.2127,-20.01964,-19.24932,-19.33494,-19.1909
230.5,-19.21128,-20.03548,-19.24808,-19.35207,-19.18953
230.6,-19.21791,-20.03752,-19.25569,-19.32977,-19.13997
230.7,-19.21929,-20.02406,-19.25724,-19.34719,-19.15616
230.8,-19.21038,-20.01207,-19.22153,-19.34488,-19.14428
230.9,-19.22209,-20.00121,-19.19936,-19.34607,-19.14429
231,-19.21136,-20.00097,-19.1885,-19.32008,-19.14325
231.1,-19.20945,-19.98261,-19.19913,-19.32842,-19.14875
231.2,-19.22237,-20.00072,-19.21815,-19.33929,-19.14462
231.3,-19.22746,-19.98596,-19.20785,-19.3364,-19.14508
231.4,-19.21371,-20.00741,-19.18815,-19.33408,-19.14068
231.5,-19.20041,-20.01571,-19.19807,-19.33928,-19.11945
231.6,-19.20642,-20.03461,-19.20907,-19.32635,-19.12186
231.7,-19.21009,-20.04707,-19.19603,-19.31354,-19.13359
231.8,-19.21078,-20.05214,-19.19272,-19.30621,-19.15531
231.9,-19.19081,-20.05399,-19.172,-19.29486,-19.1538
232,-19.18022,-20.03702,-19.17905,-19.32724,-19.14978
232.1,-19.17508,-20.00484,-19.19591,-19.33578,-19.14245
232.2,-19.16431,-19.99936,-19.18176,-19.3264,-19.14278
232.3,-19.14333,-19.97648,-19.18987,-19.31551,-19.11369
232.4,-19.11568,-19.97451,-19.19179,-19.30233,-19.09241
232.5,-19.07033,-19.98277,-19.19738,-19.30727,-19.19848
232.6,-19.20325,-19.9608,-19.20912,-19.32455,-19.1943
232.7,-19.19843,-19.95296,-19.2274,-19.31392,-19.20602
232.8,-19.21413,-19.94876,-19.2489,-19.32727,-19.2085
232.9,-19.2131,-19.95171,-19.25144,-19.35284,-19.19848
233,-19.22193,-19.98428,-19.26655,-19.37932,-19.1866
233.1,-19.23282,-19.98434,-19.25781,-19.36432,-19.17038
233.2,-19.19819,-20.00285,-19.25086,-19.37687,-19.12488
233.3,-19.22828,-19.98898,-19.23727,-19.38497,-19.09063
233.4,-19.22926,-20.02084,-19.24652,-19.3599,-19.06896
233.5,-19.24628,-20.00598,-19.25134,-19.3729,-19.18983
233.6,-19.22798,-19.98996,-19.25006,-19.36783,-19.17848
233.7,-19.21263,-19.99004,-19.23499,-19.35513,-19.1991
233.8,-19.20754,-20.0157,-19.21775,-19.35334,-19.18856
233.9,-19.1836,-20.02928,-19.21352,-19.34802,-19.19109
234,-19.18356,-20.02186,-19.2105,-19.34173,-19.16264
234.1,-19.19984,-20.01788,-19.19327,-19.3435,-19.15668
234.2,-19.20422,-19.99333,-19.18556,-19.33302,-19.15857
234.3,-19.18201,-19.9809,-19.19566,-19.34486,-19.16843
234.4,-19.20389,-19.97331,-19.18689,-19.33306,-19.17093
234.5,-19.19476,-19.973,-19.18336,-19.32496,-19.16663
234.6,-19.21893,-19.98302,-19.193,-19.33791,-19.13883
234.7,-19.22494,-19.95372,-19.19798,-19.37121,-19.16597
234.8,-19.2415,-19.96629,-19.18659,-19.34445,-19.15193
234.9,-19.23564,-19.97468,-19.18412,-19.35469,-19.16707
235,-19.23991,-19.96766,-19.18731,-19.3369,-19.17929
235.1,-19.23595,-19.95972,-19.18115,-19.33439,-19.17978
235.2,-19.21879,-19.9514,-19.18956,-19.35174,-19.18209
235.3,-19.22579,-19.9601,-19.20292,-19.33151,-19.16136
235.4,-19.22905,-19.97497,-19.22021,-19.34209,-19.17995
235.5,-19.24516,-19.97106,-19.19539,-19.34176,-19.18575
235.6,-19.22031,-19.95545,-19.17583,-19.34807,-19.16501
235.7,-19.23655,-19.96869,-19.17224,-19.357,-19.15669
235.8,-19.21734,-19.94956,-19.15416,-19.34566,-19.17562
235.9,-19.22747,-19.95117,-19.16466,-19.34177,-19.16279
236,-19.22335,-19.93941,-19.16617,-19.3492,-19.17466
236.1,-19.21878,-19.92858,-19.1706,-19.35004,-19.18098
236.2,-19.20645,-19.91496,-19.17094,-19.3451,-19.18877
236.3,-19.19326,-19.92733,-19.16142,-19.3265,-19.1788
236.4,-19.18082,-19.93159,-19.16139,-19.31555,-19.18023
236.5,-19.17014,-19.93984,-19.14766,-19.30834,-19.17007
236.6,-19.18294,-19.94637,-19.13663,-19.27899,-19.18402
236.7,-19.1633,-19.95199,-19.14706,-19.2644,-19.20484
236.8,-19.1715,-19.97476,-19.15189,-19.25985,-19.206
236.9,-19.17781,-19.96918,-19.15369,-19.2625,-19.20755
237,-19.20726,-19.97123,-19.17016,-19.27921,-19.21131
237.1,-19.19217,-19.97023,-19.1789,-19.29879,-19.22428
237.2,-19.18215,-19.98772,-19.1531,-19.29422,-19.21777
237.3,-19.18619,-19.99671,-19.14234,-19.27547,-19.2148
237.4,-19.18301,-20.01475,-19.17378,-19.27079,-19.21729
237.5,-19.18147,-19.99681,-19.15183,-19.27387,-19.23719
237.6,-19.15341,-19.97911,-19.13767,-19.26126,-19.23519
237.7,-19.1651,-19.99767,-19.13879,-19.26685,-19.23033
237.8,-19.16404,-20.00415,-19.1497,-19.24151,-19.24098
237.9,-19.14876,-19.99177,-19.14967,-19.22346,-19.20747
238,-19.13455,-19.99076,-19.15763,-19.23374,-19.20227
238.1,-19.12953,-20.00305,-19.15559,-19.20029,-19.22152
238.2,-19.10353,-20.01416,-19.13294,-19.19804,-19.20957
238.3,-19.09106,-20.00593,-19.15401,-19.21096,-19.2221
238.4,-19.08791,-19.99791,-19.16226,-19.21578,-19.24286
238.5,-19.07842,-20.01639,-19.16501,-19.23805,-19.23551
238.6,-19.06998,-20.0011,-19.18033,-19.24049,-19.23314
238.7,-19.07595,-20.00334,-19.15963,-19.22862,-19.2041
238.8,-19.09489,-20.0125,-19.16103,-19.23031,-19.21258
238.9,-19.12297,-19.98409,-19.18332,-19.23105,-19.2177
239,-19.12108,-19.95968,-19.17588,-19.2608,-19.20709
239.1,-19.13724,-19.96713,-19.20524,-19.27234,-19.19704
239.2,-19.13139,-19.96865,-19.20885,-19.28,-19.18738
239.3,-19.13079,-19.95897,-19.22001,-19.2584,-19.20328
239.4,-19.12256,-19.96271,-19.21256,-19.26975,-19.1867
239.5,-19.1279,-19.98219,-19.20662,-19.26573,-19.18074
239.6,-19.12962,-20.00111,-19.21447,-19.27349,-19.17511
239.7,-19.16059,-20.00544,-19.20871,-19.27684,-19.17866
239.8,-19.15823,-19.97052,-19.2024,-19.27248,-19.17032
239.9,-19.13432,-19.96116,-19.20149,-19.26243,-19.17038
240,-19.1384,-19.9553,-19.2028,-19.24894,-19.19389
240.1,-19.14685,-19.95303,-19.19946,-19.23962,-19.20433
240.2,-19.14752,-19.97206,-19.19659,-19.2479,-19.21465
240.3,-19.16769,-19.94703,-19.1862,-19.22994,-19.21526
240.4,-19.14843,-19.9469,-19.17387,-19.25074,-19.21789
240.5,-19.1434,-19.92574,-19.16567,-19.25394,-19.22444
240.6,-19.1356,-19.9282,-19.17747,-19.24865,-19.23083
240.7,-19.12702,-19.91864,-19.16392,-19.24363,-19.23322
240.8,-19.14857,-19.89884,-19.11694,-19.26252,-19.23012
240.9,-19.13992,-19.90269,-19.10349,-19.276,-19.22297
241,-19.15412,-19.89718,-19.10981,-19.27298,-19.22009
241.1,-19.16602,-19.88956,-19.09611,-19.26388,-19.22815
241.2,-19.17187,-19.89564,-19.06108,-19.278,-19.23178
241.3,-19.19663,-19.88476,-19.19306,-19.28503,-19.23246
241.4,-19.19842,-19.86582,-19.17516,-19.29048,-19.20081
241.5,-19.21622,-19.88888,-19.17795,-19.27097,-19.20876
241.6,-19.2263,-19.86621,-19.1899,-19.25681,-19.20881
241.7,-19.2249,-19.8793,-19.21103,-19.22264,-19.229
241.8,-19.22663,-19.8741,-19.19755,-19.18922,-19.22621
241.9,-19.22239,-19.90075,-19.17896,-19.19074,-19.24528
242,-19.22306,-19.9014,-19.15142,-19.17937,-19.26428
242.1,-19.22885,-19.89465,-19.1618,-19.2106,-19.22832
242.2,-19.21732,-19.90209,-19.15118,-19.2187,-19.21279
242.3,-19.192,-19.91364,-19.1684,-19.22979,-19.21604
242.4,-19.18995,-19.87898,-19.16593,-19.21597,-19.20306
242.5,-19.19397,-19.87948,-19.15944,-19.21077,-19.2105
242.6,-19.19998,-19.87019,-19.18692,-19.20472,-19.20703
242.7,-19.1963,-19.87446,-19.1604,-19.21305,-19.18135
242.8,-19.19407,-19.87813,-19.13619,-19.19833,-19.17619
242.9,-19.19896,-19.89891,-19.14943,-19.20802,-19.18609
243,-19.2026,-19.89701,-19.15412,-19.20366,-19.19441
243.1,-19.21336,-19.8731,-19.15193,-19.17833,-19.18027
243.2,-19.22913,-19.84786,-19.16715,-19.18116,-19.16389
243.3,-19.23097,-19.84255,-19.16325,-19.18869,-19.17264
243.4,-19.23092,-19.84248,-19.15618,-19.18707,-19.16447
243.5,-19.23665,-19.85779,-19.12347,-19.18449,-19.17508
243.6,-19.22886,-19.86694,-19.14655,-19.19807,-19.17752
243.7,-19.23025,-19.85385,-19.14629,-19.1957,-19.14209
243.8,-19.22118,-19.84735,-19.13887,-19.19906,-19.15282
243.9,-19.21565,-19.84083,-19.15561,-19.20254,-19.15015
244,-19.22111,-19.82837,-19.14979,-19.17444,-19.14655
244.1,-19.2149,-19.82357,-19.17903,-19.1663,-19.11578
244.2,-19.21763,-19.81736,-19.17974,-19.17586,-19.09762
244.3,-19.20991,-19.82709,-19.17896,-19.15424,-19.08806
244.4,-19.18741,-19.83598,-19.16977,-19.14564,-19.10375
244.5,-19.13904,-19.82295,-19.17373,-19.14361,-19.08253
244.6,-19.23733,-19.80868,-19.17467,-19.14873,-19.08649
244.7,-19.24255,-19.81343,-19.17314,-19.15684,-19.09308
244.8,-19.24049,-19.83117,-19.15968,-19.15108,-19.1073
244.9,-19.25239,-19.81594,-19.15652,-19.15869,-19.12221
245,-19.25228,-19.81418,-19.16988,-19.15789,-19.13929
245.1,-19.27184,-19.77441,-19.17303,-19.16635,-19.15321
245.2,-19.27692,-19.75751,-19.16913,-19.16408,-19.14584
245.3,-19.27946,-19.76132,-19.17254,-19.15509,-19.17245
245.4,-19.26792,-19.76775,-19.16355,-19.16372,-19.20108
245.5,-19.2725,-19.75673,-19.16411,-19.15619,-19.20388
245.6,-19.26312,-19.76206,-19.15272,-19.16279,-19.20798
245.7,-19.27635,-19.78743,-19.16439,-19.16331,-19.17893
245.8,-19.2682,-19.80942,-19.16157,-19.18023,-19.17356
245.9,-19.26285,-19.79648,-19.18788,-19.18447,-19.18823
246,-19.25391,-19.81059,-19.1885,-19.1935,-19.19659
246.1,-19.24881,-19.80936,-19.18046,-19.1761,-19.21394
246.2,-19.24313,-19.81017,-19.18019,-19.19662,-19.20083
246.3,-19.25432,-19.80553,-19.15418,-19.17447,-19.19215
246.4,-19.27646,-19.82153,-19.17041,-19.17379,-19.18913
246.5,-19.27433,-19.82841,-19.14727,-19.18758,-19.20301
246.6,-19.26484,-19.81147,-19.14174,-19.17555,-19.1966
246.7,-19.23342,-19.80821,-19.16123,-19.17589,-19.18725
246.8,-19.23457,-19.80244,-19.15986,-19.18984,-19.17574
246.9,-19.22714,-19.81469,-19.14924,-19.17445,-19.17481
247,-19.22669,-19.82577,-19.15502,-19.16048,-19.15601
247.1,-19.24754,-19.84845,-19.1578,-19.16237,-19.11307
247.2,-19.24972,-19.83784,-19.14839,-19.14985,-19.09548
247.3,-19.23662,-19.83462,-19.14831,-19.13545,-19.07099
247.4,-19.21957,-19.82535,-19.13969,-19.1501,-19.21071
247.5,-19.23118,-19.82614,-19.12277,-19.16075,-19.20956
247.6,-19.22329,-19.7794,-19.12549,-19.16667,-19.21107
247.7,-19.22328,-19.76199,-19.14368,-19.15113,-19.21659
247.8,-19.21534,-19.76427,-19.15955,-19.11669,-19.23039
247.9,-19.18114,-19.76585,-19.16351,-19.11458,-19.22544
248,-19.19688,-19.75613,-19.14366,-19.11514,-19.2153
248.1,-19.20824,-19.77078,-19.14109,-19.13114,-19.19941
248.2,-19.19999,-19.76563,-19.13163,-19.12069,-19.18781
248.3,-19.19894,-19.75644,-19.11906,-19.12018,-19.20361
248.4,-19.19477,-19.74641,-19.12371,-19.11859,-19.21432
248.5,-19.18547,-19.7469,-19.12593,-19.10687,-19.2289
248.6,-19.19257,-19.73744,-19.13424,-19.12479,-19.23942
248.7,-19.2043,-19.73352,-19.13016,-19.11921,-19.21184
248.8,-19.2091,-19.72873,-19.12713,-19.12813,-19.2181
248.9,-19.18509,-19.71962,-19.11124,-19.14714,-19.21443
249,-19.18368,-19.71914,-19.13559,-19.13625,-19.21968
249.1,-19.18593,-19.72591,-19.12923,-19.1434,-19.23883
249.2,-19.17693,-19.73094,-19.12118,-19.15258,-19.2501
249.3,-19.17164,-19.72565,-19.13317,-19.16626,-19.25515
249.4,-19.16582,-19.72508,-19.13422,-19.18703,-19.24445
249.5,-19.16214,-19.73545,-19.15234,-19.18086,-19.25341
249.6,-19.13331,-19.73758,-19.14832,-19.17813,-19.24136
249.7,-19.1413,-19.76155,-19.17235,-19.16022,-19.24736
249.8,-19.12304,-19.7725,-19.19606,-19.18349,-19.25248
249.9,-19.12138,-19.75997,-19.17852,-19.20194,-19.26025
250,-19.11993,-19.76266,-19.16479,-19.19043,-19.27014
250.1,-19.123,-19.74934,-19.16581,-19.17838,-19.27649
250.2,-19.12059,-19.75752,-19.18011,-19.20147,-19.28213
250.3,-19.13155,-19.77235,-19.21149,-19.20745,-19.27019
250.4,-19.13445,-19.79288,-19.23487,-19.20201,-19.27773
250.5,-19.12829,-19.76601,-19.24052,-19.20197,-19.27902
250.6,-19.12042,-19.77145,-19.24706,-19.20176,-19.2788
250.7,-19.12015,-19.75765,-19.2394,-19.19904,-19.27674
250.8,-19.11204,-19.77589,-19.22887,-19.19525,-19.28277
250.9,-19.1229,-19.77949,-19.22453,-19.18863,-19.27669
251,-19.13465,-19.79787,-19.23382,-19.20994,-19.28998
251.1,-19.12197,-19.8031,-19.22522,-19.2104,-19.27186
251.2,-19.10932,-19.7925,-19.22297,-19.20967,-19.25702
251.3,-19.10916,-19.77306,-19.22927,-19.20908,-19.26112
251.4,-19.09264,-19.7662,-19.21414,-19.21791,-19.26407
251.5,-19.09944,-19.76468,-19.23512,-19.21907,-19.26155
251.6,-19.09898,-19.75815,-19.23384,-19.23408,-19.28901
251.7,-19.11323,-19.73352,-19.23132,-19.24333,-19.28383
251.8,-19.10009,-19.73199,-19.26605,-19.24945,-19.27155
251.9,-19.10941,-19.7207,-19.26621,-19.2445,-19.24083
252,-19.11055,-19.71832,-19.28017,-19.25298,-19.23656
252.1,-19.10975,-19.73773,-19.2832,-19.20912,-19.24396
252.2,-19.11751,-19.72429,-19.28104,-19.21127,-19.24903
252.3,-19.1267,-19.70794,-19.25961,-19.23036,-19.23252
252.4,-19.12981,-19.70428,-19.2557,-19.23061,-19.23705
252.5,-19.11569,-19.7094,-19.24908,-19.24706,-19.24494
252.6,-19.12511,-19.70841,-19.24711,-19.24116,-19.2501
252.7,-19.12584,-19.71095,-19.21699,-19.23173,-19.24931
252.8,-19.10925,-19.72618,-19.23054,-19.21441,-19.26132
252.9,-19.11494,-19.72522,-19.25178,-19.22457,-19.25957
253,-19.14378,-19.71731,-19.24121,-19.2485,-19.24712
253.1,-19.12613,-19.69652,-19.25568,-19.25338,-19.252
253.2,-19.11929,-19.69888,-19.23839,-19.25803,-19.25745
253.3,-19.10517,-19.71315,-19.28123,-19.22757,-19.25735
253.4,-19.10646,-19.71943,-19.2923,-19.20629,-19.25798
253.5,-19.11556,-19.74297,-19.28024,-19.18917,-19.29415
253.6,-19.09734,-19.73922,-19.30124,-19.17876,-19.29215
253.7,-19.13742,-19.74872,-19.30875,-19.1864,-19.27784
253.8,-19.13697,-19.74008,-19.28998,-19.20122,-19.26879
253.9,-19.13248,-19.74943,-19.2739,-19.17794,-19.25352
254,-19.11826,-19.75808,-19.27137,-19.16772,-19.241
254.1,-19.13533,-19.73757,-19.24561,-19.1962,-19.2417
254.2,-19.11006,-19.74194,-19.217,-19.18762,-19.22593
254.3,-19.12203,-19.73289,-19.23691,-19.19337,-19.23521
254.4,-19.14525,-19.71708,-19.21826,-19.20477,-19.23501
254.5,-19.14008,-19.69556,-19.21938,-19.19876,-19.24092
254.6,-19.16469,-19.71788,-19.22699,-19.18591,-19.22548
254.7,-19.16623,-19.70932,-19.21722,-19.2007,-19.22415
254.8,-19.16981,-19.71215,-19.21084,-19.18705,-19.22735
254.9,-19.14794,-19.71639,-19.18991,-19.18325,-19.24995
255,-19.15392,-19.72992,-19.20382,-19.16054,-19.24442
255.1,-19.16906,-19.7453,-19.20231,-19.16041,-19.26743
255.2,-19.17382,-19.75464,-19.21056,-19.15697,-19.26042
255.3,-19.16807,-19.75705,-19.21063,-19.17561,-19.26331
255.4,-19.17839,-19.77335,-19.21995,-19.16724,-19.27767
255.5,-19.20677,-19.79046,-19.23326,-19.17882,-19.27186
255.6,-19.2256,-19.79178,-19.23838,-19.17856,-19.25931
255.7,-19.22671,-19.77892,-19.24475,-19.16724,-19.25177
255.8,-19.24377,-19.75895,-19.22525,-19.16126,-19.28236
255.9,-19.24126,-19.76575,-19.21424,-19.15712,-19.30625
256,-19.25761,-19.77216,-19.21036,-19.1844,-19.32658
256.1,-19.24546,-19.75198,-19.20516,-19.19856,-19.33029
256.2,-19.24749,-19.74734,-19.19739,-19.20052,-19.32169
256.3,-19.24422,-19.77344,-19.192,-19.16365,-19.31116
256.4,-19.27457,-19.79084,-19.20496,-19.18162,-19.33284
256.5,-19.26394,-19.80364,-19.20214,-19.17937,-19.32916
256.6,-19.2513,-19.78862,-19.19987,-19.16676,-19.30644
256.7,-19.25832,-19.78528,-19.19842,-19.13692,-19.33465
256.8,-19.23203,-19.80523,-19.18238,-19.13406,-19.32656
256.9,-19.21276,-19.81285,-19.16605,-19.14238,-19.33068
257,-19.18846,-19.80626,-19.17503,-19.14215,-19.31246
257.1,-19.17497,-19.80703,-19.15811,-19.13235,-19.31318
257.2,-19.17965,-19.79817,-19.16144,-19.14159,-19.29619
257.3,-19.15886,-19.77816,-19.16317,-19.16703,-19.30193
257.4,-19.16289,-19.78215,-19.16777,-19.18933,-19.30083
257.5,-19.17288,-19.76197,-19.16924,-19.18739,-19.3225
257.6,-19.18588,-19.78124,-19.14047,-19.1935,-19.29432
257.7,-19.17795,-19.76387,-19.13392,-19.21126,-19.28629
257.8,-19.19745,-19.77783,-19.16383,-19.21038,-19.29103
257.9,-19.18855,-19.77628,-19.15356,-19.21285,-19.25301
258,-19.19657,-19.81233,-19.16707,-19.22209,-19.24938
258.1,-19.18874,-19.81184,-19.14841,-19.23325,-19.24584
258.2,-19.20736,-19.81144,-19.15037,-19.23429,-19.23448
258.3,-19.22042,-19.7978,-19.14838,-19.24753,-19.24046
258.4,-19.20751,-19.78317,-19.15564,-19.24195,-19.23188
258.5,-19.201,-19.77938,-19.16248,-19.24992,-19.26295
258.6,-19.18945,-19.77041,-19.15288,-19.25386,-19.26851
258.7,-19.18428,-19.77366,-19.14853,-19.24749,-19.24308
258.8,-19.20056,-19.75227,-19.14971,-19.23502,-19.26754
258.9,-19.20366,-19.74762,-19.16155,-19.2022,-19.26885
259,-19.1855,-19.74532,-19.16811,-19.18938,-19.27836
259.1,-19.17922,-19.75394,-19.16787,-19.18579,-19.26665
259.2,-19.15892,-19.77816,-19.17102,-19.20624,-19.28857
259.3,-19.18861,-19.74758,-19.17887,-19.22063,-19.27042
259.4,-19.20242,-19.75172,-19.1742,-19.20396,-19.29225
259.5,-19.22509,-19.75934,-19.18212,-19.23706,-19.32546
259.6,-19.22833,-19.75017,-19.17328,-19.2325,-19.29771
259.7,-19.22181,-19.74062,-19.17922,-19.20337,-19.29135
259.8,-19.24698,-19.74556,-19.20003,-19.20292,-19.293
259.9,-19.25719,-19.76389,-19.22455,-19.18553,-19.3005
260,-19.25744,-19.74331,-19.23478,-19.17628,-19.3134
260.1,-19.26353,-19.74651,-19.23362,-19.16972,-19.32065
260.2,-19.25884,-19.72498,-19.25335,-19.18868,-19.30562
260.3,-19.25761,-19.68495,-19.2496,-19.19783,-19.292
260.4,-19.26538,-19.71301,-19.25459,-19.17444,-19.304
260.5,-19.24686,-19.71108,-19.26591,-19.18339,-19.28973
260.6,-19.23583,-19.71698,-19.26894,-19.20364,-19.29464
260.7,-19.21316,-19.70945,-19.28241,-19.20981,-19.31335
260.8,-19.19518,-19.69086,-19.26633,-19.23172,-19.30752
260.9,-19.18759,-19.69622,-19.26609,-19.23059,-19.306
261,-19.17141,-19.67889,-19.27393,-19.22206,-19.2885
261.1,-19.1454,-19.70717,-19.29392,-19.22052,-19.30236
261.2,-19.25058,-19.68791,-19.29352,-19.21353,-19.31229
261.3,-19.25214,-19.70173,-19.29674,-19.21393,-19.3335
261.4,-19.23542,-19.70476,-19.27623,-19.2219,-19.34654
261.5,-19.22992,-19.71069,-19.28258,-19.24099,-19.34443
261.6,-19.23725,-19.69585,-19.27364,-19.24677,-19.36121
261.7,-19.26604,-19.68028,-19.29802,-19.24934,-19.37391
261.8,-19.26482,-19.66599,-19.30895,-19.21789,-19.37571
261.9,-19.26025,-19.6684,-19.28586,-19.19075,-19.37495
262,-19.23211,-19.67233,-19.29822,-19.19324,-19.39084
262.1,-19.22776,-19.67975,-19.32385,-19.1987,-19.3933
262.2,-19.23009,-19.68698,-19.32771,-19.2068,-19.38281
262.3,-19.22827,-19.67196,-19.32253,-19.19376,-19.36685
262.4,-19.21594,-19.68289,-19.31665,-19.21569,-19.36028
262.5,-19.2108,-19.69567,-19.30976,-19.22324,-19.34298
262.6,-19.21319,-19.70196,-19.30977,-19.20655,-19.32232
262.7,-19.21537,-19.70827,-19.32255,-19.19308,-19.3331
262.8,-19.19797,-19.70174,-19.33001,-19.21558,-19.30373
262.9,-19.21099,-19.69672,-19.31105,-19.21322,-19.32466
263,-19.21219,-19.70625,-19.31221,-19.21832,-19.31049
263.1,-19.21932,-19.6955,-19.306,-19.22177,-19.319
263.2,-19.20545,-19.71625,-19.3172,-19.22007,-19.31192
263.3,-19.20578,-19.70564,-19.30885,-19.2374,-19.28518
263.4,-19.18791,-19.70874,-19.28806,-19.22987,-19.30917
263.5,-19.20459,-19.69477,-19.26887,-19.22502,-19.33558
263.6,-19.21536,-19.68877,-19.27648,-19.20528,-19.34751
263.7,-19.21677,-19.68791,-19.30641,-19.23219,-19.34917
263.8,-19.2279,-19.69567,-19.2833,-19.2522,-19.33395
263.9,-19.21885,-19.69152,-19.28223,-19.25615,-19.32414
264,-19.21198,-19.71661,-19.29784,-19.25693,-19.32971
264.1,-19.20983,-19.72942,-19.31164,-19.27075,-19.32416
264.2,-19.2089,-19.70616,-19.29611,-19.2705,-19.33686
264.3,-19.19245,-19.72733,-19.29071,-19.29221,-19.3271
264.4,-19.18398,-19.72038,-19.28221,-19.29885,-19.32389
264.5,-19.19648,-19.70452,-19.28037,-19.31908,-19.31623
264.6,-19.19556,-19.7349,-19.28048,-19.32431,-19.32424
264.7,-19.18968,-19.72907,-19.29135,-19.32822,-19.33487
264.8,-19.20262,-19.70087,-19.30002,-19.32573,-19.33349
264.9,-19.20354,-19.70677,-19.28583,-19.33801,-19.33039
265,-19.22825,-19.70935,-19.26768,-19.32217,-19.32785
265.1,-19.24532,-19.71158,-19.25751,-19.30119,-19.33151
265.2,-19.25015,-19.71815,-19.2465,-19.29685,-19.32564
265.3,-19.23944,-19.73221,-19.25009,-19.29421,-19.32856
265.4,-19.24262,-19.71735,-19.24405,-19.30081,-19.32803
265.5,-19.23405,-19.69492,-19.23046,-19.31932,-19.34482
265.6,-19.23288,-19.69959,-19.24395,-19.32343,-19.35838
265.7,-19.23149,-19.69744,-19.25116,-19.32695,-19.36398
265.8,-19.23369,-19.70819,-19.27639,-19.31289,-19.34141
265.9,-19.21924,-19.70441,-19.29649,-19.32256,-19.31901
266,-19.23229,-19.71051,-19.31305,-19.32902,-19.33668
266.1,-19.24965,-19.69583,-19.3048,-19.32557,-19.33118
266.2,-19.25502,-19.70538,-19.30342,-19.32962,-19.32702
266.3,-19.24599,-19.70667,-19.29141,-19.31735,-19.33966
266.4,-19.23635,-19.70412,-19.29866,-19.33152,-19.33204
266.5,-19.24771,-19.72525,-19.31685,-19.31824,-19.32527
266.6,-19.27213,-19.71109,-19.33229,-19.30858,-19.32133
266.7,-19.27856,-19.72156,-19.31541,-19.30653,-19.31704
266.8,-19.27817,-19.7134,-19.31851,-19.30019,-19.31112
266.9,-19.27956,-19.71868,-19.30197,-19.30207,-19.32127
267,-19.29379,-19.73445,-19.29959,-19.29757,-19.33014
267.1,-19.29861,-19.7343,-19.31915,-19.3232,-19.33325
267.2,-19.3022,-19.73265,-19.2962,-19.31669,-19.32845
267.3,-19.28732,-19.72849,-19.30487,-19.30823,-19.33261
267.4,-19.27312,-19.72449,-19.3363,-19.29286,-19.32737
267.5,-19.28962,-19.71874,-19.34633,-19.31972,-19.33371
267.6,-19.28883,-19.70821,-19.33024,-19.32081,-19.34179
267.7,-19.27862,-19.70819,-19.31283,-19.30468,-19.35299
267.8,-19.28337,-19.71315,-19.29914,-19.29999,-19.34541
267.9,-19.2919,-19.68733,-19.29939,-19.31681,-19.37005
268,-19.31142,-19.68419,-19.30094,-19.33133,-19.37867
268.1,-19.30025,-19.67886,-19.30797,-19.35112,-19.38968
268.2,-19.28787,-19.67756,-19.30844,-19.34102,-19.37605
268.3,-19.29458,-19.66794,-19.31978,-19.34245,-19.38297
268.4,-19.28149,-19.65909,-19.28917,-19.36191,-19.38154
268.5,-19.28127,-19.65922,-19.24118,-19.3537,-19.3833
268.6,-19.27959,-19.65338,-19.24375,-19.32441,-19.36865
268.7,-19.28641,-19.66922,-19.24482,-19.32049,-19.37285
268.8,-19.29781,-19.66055,-19.2582,-19.33657,-19.38221
268.9,-19.32072,-19.66889,-19.26355,-19.33629,-19.38701
269,-19.30271,-19.69848,-19.25947,-19.33741,-19.37894
269.1,-19.30351,-19.708,-19.22334,-19.33688,-19.38233
269.2,-19.31018,-19.72019,-19.21415,-19.35027,-19.37176
269.3,-19.31155,-19.71018,-19.21634,-19.38639,-19.36756
269.4,-19.3046,-19.68992,-19.22493,-19.40241,-19.36299
269.5,-19.31577,-19.68823,-19.24499,-19.38681,-19.36924
269.6,-19.31332,-19.70296,-19.25432,-19.4008,-19.38515
269.7,-19.2847,-19.71549,-19.23232,-19.39548,-19.37913
269.8,-19.29351,-19.71749,-19.24569,-19.40671,-19.37108
269.9,-19.30851,-19.69225,-19.23804,-19.39424,-19.34941
270,-19.33185,-19.68087,-19.24105,-19.40037,-19.33838
270.1,-19.33053,-19.67891,-19.24333,-19.39298,-19.30976
270.2,-19.34166,-19.67697,-19.24785,-19.37771,-19.31147
270.3,-19.32802,-19.67755,-19.25988,-19.40025,-19.30003
270.4,-19.3352,-19.66171,-19.25465,-19.38728,-19.29734
270.5,-19.3323,-19.65049,-19.24916,-19.39498,-19.27624
270.6,-19.329,-19.61276,-19.24412,-19.39465,-19.26761
270.7,-19.36017,-19.61006,-19.25734,-19.38455,-19.26384
270.8,-19.35651,-19.59052,-19.25581,-19.41017,-19.26123
270.9,-19.36474,-19.56862,-19.26386,-19.4229,-19.26095
271,-19.39106,-19.57072,-19.25095,-19.4331,-19.28775
271.1,-19.37866,-19.56429,-19.25542,-19.41784,-19.27849
271.2,-19.38123,-19.58803,-19.25964,-19.43399,-19.27647
271.3,-19.38642,-19.59597,-19.25471,-19.43285,-19.26336
271.4,-19.35557,-19.58477,-19.27268,-19.46772,-19.25864
271.5,-19.34188,-19.5911,-19.26801,-19.47421,-19.28152
271.6,-19.34755,-19.59451,-19.25304,-19.46519,-19.27448
271.7,-19.38075,-19.59676,-19.26864,-19.46425,-19.30326
271.8,-19.39121,-19.59912,-19.25408,-19.45868,-19.29322
271.9,-19.40288,-19.59578,-19.24224,-19.4591,-19.27909
272,-19.42282,-19.60764,-19.24508,-19.47758,-19.27347
272.1,-19.44103,-19.61757,-19.25046,-19.48003,-19.27476
272.2,-19.45235,-19.61964,-19.23955,-19.47344,-19.2699
272.3,-19.42579,-19.60977,-19.24528,-19.48294,-19.27607
272.4,-19.45065,-19.60427,-19.22721,-19.46949,-19.30767
272.5,-19.43834,-19.61656,-19.21779,-19.47567,-19.31951
272.6,-19.44783,-19.60852,-19.22177,-19.47804,-19.31525
272.7,-19.42798,-19.57883,-19.23463,-19.46744,-19.31633
272.8,-19.4262,-19.60775,-19.20605,-19.45615,-19.31719
272.9,-19.42269,-19.61639,-19.19795,-19.4904,-19.31823
273,-19.43517,-19.60721,-19.18611,-19.48571,-19.33134
273.1,-19.43509,-19.61566,-19.16959,-19.48066,-19.32348
273.2,-19.43008,-19.61227,-19.14217,-19.47319,-19.32886
273.3,-19.40729,-19.59058,-19.24672,-19.48998,-19.3447
273.4,-19.4147,-19.58649,-19.25008,-19.47969,-19.35186
273.5,-19.42135,-19.5916,-19.24688,-19.47779,-19.35957
273.6,-19.42057,-19.60978,-19.28282,-19.47666,-19.36419
273.7,-19.42111,-19.61095,-19.27583,-19.48125,-19.35225
273.8,-19.42893,-19.60222,-19.28225,-19.49518,-19.37813
273.9,-19.42558,-19.60176,-19.26368,-19.50687,-19.38656
274,-19.41314,-19.57726,-19.28495,-19.49643,-19.36426
274.1,-19.38631,-19.57634,-19.27332,-19.48293,-19.358
274.2,-19.41584,-19.57922,-19.27835,-19.48084,-19.35281
274.3,-19.40845,-19.56776,-19.27787,-19.49801,-19.34396
274.4,-19.40501,-19.5657,-19.27135,-19.48974,-19.34122
274.5,-19.41554,-19.57291,-19.24817,-19.49218,-19.34153
274.6,-19.42402,-19.57601,-19.22883,-19.47144,-19.3378
274.7,-19.42247,-19.55558,-19.21442,-19.48825,-19.32291
274.8,-19.41158,-19.57781,-19.2336,-19.48153,-19.32281
274.9,-19.443,-19.58786,-19.25144,-19.50088,-19.33031
275,-19.4515,-19.61038,-19.25931,-19.4979,-19.34376
275.1,-19.44006,-19.63381,-19.26179,-19.49231,-19.32558
275.2,-19.44561,-19.63544,-19.27216,-19.51657,-19.29725
275.3,-19.44048,-19.60732,-19.2849,-19.52125,-19.31949
275.4,-19.45108,-19.6042,-19.28021,-19.54986,-19.33084
275.5,-19.47177,-19.61708,-19.2638,-19.56976,-19.30338
275.6,-19.48647,-19.61567,-19.25847,-19.55848,-19.28351
275.7,-19.47188,-19.61959,-19.24179,-19.58211,-19.28693
275.8,-19.47142,-19.62033,-19.27346,-19.57558,-19.29061
275.9,-19.47654,-19.5952,-19.27111,-19.58389,-19.3019
276,-19.48835,-19.58623,-19.27948,-19.59043,-19.3031
276.1,-19.50717,-19.58637,-19.28392,-19.62298,-19.31896
276.2,-19.50138,-19.58504,-19.29211,-19.64534,-19.31571
276.3,-19.49214,-19.5848,-19.28496,-19.65373,-19.29643
276.4,-19.47388,-19.56543,-19.28381,-19.65533,-19.2875
276.5,-19.46496,-19.57114,-19.28884,-19.63732,-19.28974
276.6,-19.45671,-19.57123,-19.28684,-19.64808,-19.29382
276.7,-19.45666,-19.54955,-19.31049,-19.64705,-19.29938
276.8,-19.45851,-19.56097,-19.31079,-19.62511,-19.27186
276.9,-19.46416,-19.56309,-19.34992,-19.61981,-19.26437
277,-19.45257,-19.54237,-19.346,-19.60882,-19.26295
277.1,-19.43764,-19.54494,-19.32727,-19.59823,-19.25425
277.2,-19.45347,-19.53894,-19.328,-19.60054,-19.28269
277.3,-19.45154,-19.55814,-19.32289,-19.60101,-19.28012
277.4,-19.44813,-19.56568,-19.30395,-19.60637,-19.26533
277.5,-19.46276,-19.58358,-19.30638,-19.61092,-19.28369
277.6,-19.46483,-19.57213,-19.30869,-19.60064,-19.29703
277.7,-19.46018,-19.57541,-19.31482,-19.59985,-19.30586
277.8,-19.46224,-19.56666,-19.32542,-19.60978,-19.30523
277.9,-19.45537,-19.57574,-19.33008,-19.63101,-19.29321
278,-19.446,-19.55641,-19.33155,-19.62125,-19.32682
278.1,-19.4255,-19.5376,-19.34917,-19.60189,-19.31867
278.2,-19.40095,-19.51799,-19.37097,-19.58104,-19.28501
278.3,-19.38901,-19.52553,-19.35608,-19.57926,-19.3139
278.4,-19.40042,-19.51736,-19.3539,-19.57823,-19.30638
278.5,-19.40673,-19.51189,-19.38006,-19.57731,-19.31656
278.6,-19.42398,-19.51989,-19.39237,-19.55255,-19.31661
278.7,-19.43302,-19.51682,-19.38771,-19.53531,-19.30957
278.8,-19.41686,-19.51889,-19.39934,-19.52358,-19.31287
278.9,-19.42333,-19.53252,-19.38942,-19.49491,-19.31423
279,-19.41838,-19.52473,-19.3916,-19.50119,-19.3091
279.1,-19.40841,-19.50635,-19.37387,-19.52208,-19.32464
279.2,-19.38942,-19.48759,-19.3607,-19.5319,-19.31749
279.3,-19.41155,-19.49038,-19.3524,-19.54061,-19.34334
279.4,-19.42633,-19.46893,-19.37578,-19.51833,-19.32952
279.5,-19.42175,-19.48098,-19.37674,-19.51631,-19.32858
279.6,-19.42782,-19.46259,-19.36485,-19.49503,-19.33982
279.7,-19.41244,-19.47243,-19.38133,-19.49069,-19.36235
279.8,-19.40749,-19.48429,-19.37136,-19.50858,-19.35157
279.9,-19.41399,-19.47832,-19.37525,-19.52119,-19.36495
280,-19.40232,-19.47939,-19.38645,-19.52066,-19.37455
280.1,-19.38896,-19.50739,-19.38297,-19.53142,-19.37088
280.2,-19.38512,-19.5019,-19.38058,-19.51439,-19.37771
280.3,-19.37409,-19.49025,-19.37519,-19.51941,-19.37975
280.4,-19.36477,-19.48039,-19.36934,-19.523,-19.36957
280.5,-19.35984,-19.49612,-19.38981,-19.5321,-19.35653
280.6,-19.36901,-19.48529,-19.39265,-19.52908,-19.33249
280.7,-19.37698,-19.47117,-19.38159,-19.5494,-19.36098
280.8,-19.40137,-19.50009,-19.38638,-19.56896,-19.35057
280.9,-19.40251,-19.50077,-19.38054,-19.54797,-19.33785
281,-19.43405,-19.48447,-19.36561,-19.54209,-19.34913
281.1,-19.42656,-19.4998,-19.3368,-19.56634,-19.32989
281.2,-19.43564,-19.50753,-19.33342,-19.54889,-19.329
281.3,-19.43876,-19.49394,-19.31535,-19.5349,-19.34441
281.4,-19.42145,-19.49808,-19.3124,-19.52676,-19.35078
281.5,-19.40815,-19.49946,-19.328,-19.5178,-19.31895
281.6,-19.40269,-19.49116,-19.32268,-19.51154,-19.32879
281.7,-19.40531,-19.49768,-19.32856,-19.48051,-19.30645
281.8,-19.39185,-19.4804,-19.31766,-19.45783,-19.32224
281.9,-19.38607,-19.47358,-19.33434,-19.4761,-19.34154
282,-19.38465,-19.45621,-19.32945,-19.47855,-19.33439
282.1,-19.36921,-19.46605,-19.32902,-19.48551,-19.35245
282.2,-19.36695,-19.4538,-19.34503,-19.48336,-19.34264
282.3,-19.37297,-19.45377,-19.36302,-19.47288,-19.3417
282.4,-19.38282,-19.43692,-19.35924,-19.49336,-19.33699
282.5,-19.39491,-19.44359,-19.35475,-19.5076,-19.34135
282.6,-19.39586,-19.43888,-19.34564,-19.51017,-19.32665
282.7,-19.3958,-19.45052,-19.34806,-19.52152,-19.33154
282.8,-19.39054,-19.43585,-19.31948,-19.50846,-19.32649
282.9,-19.37702,-19.41772,-19.32204,-19.49569,-19.32129
283,-19.37861,-19.41479,-19.32764,-19.52032,-19.32138
283.1,-19.37658,-19.42098,-19.3067,-19.53959,-19.32026
283.2,-19.36665,-19.41236,-19.28778,-19.51263,-19.31941
283.3,-19.3522,-19.42582,-19.28014,-19.53177,-19.32162
283.4,-19.37089,-19.43653,-19.28115,-19.53493,-19.32673
283.5,-19.35519,-19.43956,-19.2986,-19.52004,-19.34267
283.6,-19.35387,-19.42757,-19.30636,-19.51978,-19.34107
283.7,-19.34343,-19.43447,-19.29777,-19.50479,-19.34872
283.8,-19.35114,-19.41304,-19.33636,-19.51794,-19.3328
283.9,-19.36746,-19.4219,-19.34912,-19.50682,-19.32502
284,-19.34846,-19.39882,-19.34352,-19.48234,-19.31268
284.1,-19.34456,-19.4016,-19.33663,-19.47752,-19.31311
284.2,-19.32069,-19.4217,-19.30708,-19.45857,-19.30505
284.3,-19.2988,-19.41941,-19.27738,-19.4483,-19.31354
284.4,-19.2992,-19.42024,-19.27066,-19.44616,-19.32546
284.5,-19.32509,-19.42353,-19.28032,-19.46407,-19.29169
284.6,-19.32591,-19.43871,-19.27146,-19.48468,-19.30644
284.7,-19.33952,-19.42657,-19.27795,-19.46502,-19.27984
284.8,-19.33647,-19.42625,-19.2709,-19.44784,-19.26686
284.9,-19.35342,-19.42992,-19.26656,-19.45063,-19.27319
285,-19.35379,-19.41649,-19.28059,-19.44031,-19.29836
285.1,-19.36222,-19.44149,-19.27542,-19.43888,-19.32168
285.2,-19.36817,-19.45411,-19.28212,-19.43765,-19.33418
285.3,-19.36425,-19.44595,-19.29895,-19.43009,-19.34217
285.4,-19.34519,-19.44595,-19.30375,-19.42545,-19.33331
285.5,-19.34243,-19.43623,-19.31517,-19.42683,-19.30708
285.6,-19.34339,-19.42233,-19.31857,-19.4127,-19.30307
285.7,-19.32301,-19.43461,-19.33679,-19.40448,-19.31827
285.8,-19.33979,-19.41498,-19.32814,-19.39323,-19.3251
285.9,-19.3191,-19.42098,-19.31882,-19.40042,-19.33713
286,-19.31512,-19.40732,-19.30814,-19.40582,-19.33597
286.1,-19.31523,-19.39816,-19.34465,-19.41445,-19.33853
286.2,-19.34218,-19.39949,-19.33247,-19.42426,-19.34711
286.3,-19.33964,-19.40686,-19.3602,-19.41147,-19.35026
286.4,-19.34563,-19.41251,-19.34347,-19.41342,-19.34342
286.5,-19.34189,-19.42069,-19.32358,-19.4303,-19.35196
286.6,-19.32144,-19.40774,-19.3306,-19.44657,-19.35816
286.7,-19.30534,-19.40058,-19.29606,-19.44297,-19.33636
286.8,-19.30532,-19.40212,-19.28535,-19.44707,-19.31241
286.9,-19.31139,-19.41047,-19.28862,-19.4392,-19.29651
287,-19.32032,-19.39772,-19.30156,-19.43817,-19.27968
287.1,-19.31577,-19.39518,-19.32803,-19.4425,-19.26822
287.2,-19.32264,-19.41085,-19.32922,-19.43373,-19.24849
287.3,-19.326,-19.40257,-19.32278,-19.43197,-19.24501
287.4,-19.30767,-19.40346,-19.32442,-19.42621,-19.26138
287.5,-19.32704,-19.40541,-19.33413,-19.44236,-19.25065
287.6,-19.3172,-19.38643,-19.32319,-19.43717,-19.26405
287.7,-19.33631,-19.3892,-19.3349,-19.41665,-19.26389
287.8,-19.33965,-19.36534,-19.34421,-19.40232,-19.27303
287.9,-19.34505,-19.37959,-19.33198,-19.40082,-19.27719
288,-19.32282,-19.39746,-19.33598,-19.39845,-19.27855
288.1,-19.31126,-19.39659,-19.31984,-19.38746,-19.27055
288.2,-19.31898,-19.39237,-19.31002,-19.39644,-19.27782
288.3,-19.30662,-19.38523,-19.30614,-19.4062,-19.24568
288.4,-19.31069,-19.39772,-19.28752,-19.41738,-19.26848
288.5,-19.32973,-19.39334,-19.30918,-19.42654,-19.28518
288.6,-19.33443,-19.39983,-19.33659,-19.42125,-19.28205
288.7,-19.37217,-19.39322,-19.34828,-19.41227,-19.28682
288.8,-19.3798,-19.39789,-19.33134,-19.41197,-19.28465
288.9,-19.35961,-19.41673,-19.31508,-19.40656,-19.26801
289,-19.37208,-19.40177,-19.29501,-19.41655,-19.24688
289.1,-19.36412,-19.4046,-19.28109,-19.41814,-19.24056
289.2,-19.36165,-19.4208,-19.27624,-19.43071,-19.24454
289.3,-19.35325,-19.41003,-19.27055,-19.43592,-19.23907
289.4,-19.36908,-19.42519,-19.29064,-19.42826,-19.24779
289.5,-19.38342,-19.43042,-19.27758,-19.43617,-19.26544
289.6,-19.39251,-19.42834,-19.2783,-19.43454,-19.25352
289.7,-19.38352,-19.43502,-19.26624,-19.43263,-19.25268
289.8,-19.36763,-19.43457,-19.28313,-19.43158,-19.25816
289.9,-19.363,-19.42881,-19.27552,-19.40348,-19.26834
290,-19.37531,-19.43945,-19.28335,-19.37313,-19.25762
290.1,-19.37635,-19.43452,-19.28316,-19.39841,-19.25181
290.2,-19.36219,-19.42357,-19.29598,-19.40327,-19.25482
290.3,-19.39341,-19.42629,-19.30391,-19.40658,-19.26519
290.4,-19.40386,-19.39898,-19.30403,-19.39881,-19.23881
290.5,-19.38681,-19.41564,-19.29397,-19.37287,-19.26243
290.6,-19.40648,-19.39346,-19.27943,-19.39539,-19.26192
290.7,-19.40898,-19.36829,-19.28144,-19.40013,-19.22626
290.8,-19.41878,-19.37124,-19.26529,-19.36887,-19.23697
290.9,-19.41982,-19.3705,-19.26312,-19.36552,-19.21404
291,-19.38878,-19.37698,-19.2877,-19.37414,-19.21629
291.1,-19.3824,-19.40164,-19.28072,-19.37795,-19.20559
291.2,-19.38434,-19.39718,-19.26985,-19.3775,-19.19994
291.3,-19.40133,-19.40149,-19.26915,-19.36888,-19.19704
291.4,-19.38255,-19.41841,-19.27812,-19.35188,-19.20344
291.5,-19.35847,-19.41562,-19.28812,-19.36193,-19.21477
291.6,-19.35783,-19.40559,-19.28621,-19.35241,-19.2226
291.7,-19.38212,-19.39519,-19.27829,-19.36632,-19.20287
291.8,-19.38117,-19.40998,-19.25505,-19.40785,-19.23035
291.9,-19.38661,-19.40948,-19.25831,-19.44535,-19.2157
292,-19.39246,-19.43077,-19.29671,-19.44354,-19.21632
292.1,-19.37525,-19.44332,-19.28004,-19.44433,-19.21572
292.2,-19.37409,-19.47362,-19.28895,-19.43675,-19.21659
292.3,-19.37992,-19.47185,-19.29233,-19.42407,-19.20593
292.4,-19.36508,-19.49674,-19.2722,-19.40501,-19.20064
292.5,-19.35694,-19.49702,-19.27,-19.41428,-19.19576
292.6,-19.36202,-19.49649,-19.25095,-19.4189,-19.19093
292.7,-19.3619,-19.49871,-19.25075,-19.44943,-19.17031
292.8,-19.35119,-19.50086,-19.24186,-19.428,-19.18602
292.9,-19.36217,-19.49666,-19.22372,-19.41583,-19.18156
293,-19.3625,-19.47256,-19.2418,-19.41649,-19.19413
293.1,-19.34952,-19.46875,-19.25055,-19.4082,-19.18853
293.2,-19.36509,-19.45296,-19.25887,-19.40259,-19.19571
293.3,-19.34765,-19.45826,-19.27131,-19.3846,-19.18189
293.4,-19.36309,-19.45927,-19.25567,-19.37989,-19.18737
293.5,-19.37661,-19.43852,-19.24662,-19.3638,-19.19651
293.6,-19.36208,-19.45078,-19.23219,-19.34953,-19.18348
293.7,-19.33756,-19.45322,-19.2635,-19.34297,-19.17853
293.8,-19.32124,-19.47263,-19.26629,-19.33322,-19.16756
293.9,-19.31929,-19.45867,-19.28036,-19.34003,-19.17785
294,-19.31996,-19.43594,-19.29863,-19.36014,-19.19807
294.1,-19.3317,-19.4247,-19.28394,-19.35112,-19.18629
294.2,-19.32035,-19.43326,-19.26722,-19.36414,-19.22905
294.3,-19.31046,-19.42989,-19.26299,-19.33174,-19.21318
294.4,-19.31346,-19.43439,-19.23986,-19.33563,-19.22406
294.5,-19.3163,-19.44625,-19.26273,-19.30374,-19.22657
294.6,-19.31968,-19.45247,-19.25398,-19.3235,-19.23551
294.7,-19.30503,-19.47525,-19.25886,-19.31767,-19.22353
294.8,-19.31305,-19.45998,-19.24951,-19.31193,-19.24311
294.9,-19.29378,-19.47316,-19.24578,-19.32573,-19.22356
295,-19.27526,-19.48866,-19.26137,-19.31586,-19.21769
295.1,-19.26772,-19.50784,-19.25926,-19.30796,-19.21319
295.2,-19.28464,-19.51516,-19.24791,-19.29196,-19.25514
295.3,-19.29659,-19.50014,-19.25371,-19.29198,-19.26576
295.4,-19.31954,-19.47031,-19.25142,-19.26241,-19.28578
295.5,-19.32864,-19.4766,-19.2747,-19.27831,-19.28706
295.6,-19.30901,-19.48851,-19.2658,-19.25897,-19.24378
295.7,-19.31851,-19.49545,-19.27612,-19.27062,-19.23561
295.8,-19.29438,-19.49052,-19.26595,-19.30159,-19.23067
295.9,-19.29955,-19.48364,-19.26755,-19.31602,-19.2256
296,-19.28238,-19.49759,-19.247,-19.30138,-19.22218
296.1,-19.28045,-19.52037,-19.24185,-19.31808,-19.25414
296.2,-19.2608,-19.50469,-19.23119,-19.31303,-19.26746
296.3,-19.26872,-19.5154,-19.22525,-19.32418,-19.27829
296.4,-19.27783,-19.51203,-19.22849,-19.30345,-19.29696
296.5,-19.26827,-19.50353,-19.24234,-19.29456,-19.31596
296.6,-19.24603,-19.50019,-19.27311,-19.28335,-19.32186
296.7,-19.21943,-19.50893,-19.29918,-19.28084,-19.29903
296.8,-19.21586,-19.50411,-19.29749,-19.28148,-19.30373
296.9,-19.2329,-19.49889,-19.30632,-19.27867,-19.31798
297,-19.22533,-19.49999,-19.2948,-19.28448,-19.31536
297.1,-19.23072,-19.48607,-19.31124,-19.29449,-19.31263
297.2,-19.23739,-19.47587,-19.3156,-19.2842,-19.32397
297.3,-19.21557,-19.49026,-19.32157,-19.29591,-19.34107
297.4,-19.22486,-19.48664,-19.31511,-19.29574,-19.33639
297.5,-19.23348,-19.50124,-19.30232,-19.31814,-19.32513
297.6,-19.25724,-19.49773,-19.29178,-19.32254,-19.3264
297.7,-19.26633,-19.48289,-19.28661,-19.32347,-19.32159
297.8,-19.25338,-19.50168,-19.29659,-19.3077,-19.32607
297.9,-19.24083,-19.5018,-19.32084,-19.31323,-19.31675
298,-19.20781,-19.49727,-19.31057,-19.31156,-19.31334
298.1,-19.19108,-19.51221,-19.29836,-19.31002,-19.31558
298.2,-19.18868,-19.49839,-19.29417,-19.30513,-19.33065
298.3,-19.20452,-19.51492,-19.3001,-19.29445,-19.32911
298.4,-19.19133,-19.51706,-19.32093,-19.29579,-19.32564
298.5,-19.1876,-19.5088,-19.29742,-19.30433,-19.3122
298.6,-19.20542,-19.50618,-19.3029,-19.28809,-19.31821
298.7,-19.20885,-19.50169,-19.30884,-19.28753,-19.28931
298.8,-19.18526,-19.50511,-19.33278,-19.30831,-19.29629
298.9,-19.18079,-19.50332,-19.30451,-19.29927,-19.28293
299,-19.20234,-19.50061,-19.29504,-19.31387,-19.26877
299.1,-19.20189,-19.48963,-19.30761,-19.31571,-19.24576
299.2,-19.19968,-19.48748,-19.29456,-19.31724,-19.25258
299.3,-19.19806,-19.46082,-19.3085,-19.31457,-19.25554
299.4,-19.21702,-19.45597,-19.33144,-19.30629,-19.259
299.5,-19.22118,-19.45528,-19.30959,-19.32842,-19.27477
299.6,-19.21288,-19.47103,-19.30794,-19.32761,-19.28893
299.7,-19.21734,-19.47204,-19.31056,-19.31516,-19.29523
299.8,-19.20337,-19.46003,-19.30872,-19.32041,-19.29637
299.9,-19.20431,-19.4405,-19.31277,-19.32667,-19.28667
300,-19.21955,-19.42662,-19.31666,-19.30013,-19.30612
300.1,-19.22868,-19.44987,-19.3183,-19.29945,-19.29651
300.2,-19.23105,-19.42405,-19.32894,-19.31901,-19.31782
300.3,-19.22347,-19.4372,-19.32995,-19.3026,-19.31648
300.4,-19.2127,-19.4461,-19.33918,-19.30871,-19.30522
300.5,-19.23306,-19.44764,-19.35492,-19.29242,-19.2678
300.6,-19.22364,-19.45898,-19.37449,-19.29399,-19.2692
300.7,-19.21657,-19.47689,-19.37738,-19.27418,-19.25855
300.8,-19.22296,-19.45352,-19.36494,-19.28307,-19.2541
300.9,-19.22432,-19.43593,-19.35606,-19.29114,-19.2375
301,-19.24798,-19.4361,-19.35063,-19.31347,-19.24427
301.1,-19.2346,-19.46711,-19.33684,-19.33079,-19.2542
301.2,-19.23911,-19.45645,-19.33546,-19.32233,-19.26314
301.3,-19.25118,-19.45716,-19.32028,-19.32766,-19.27195
301.4,-19.26205,-19.4452,-19.31939,-19.31596,-19.26573
301.5,-19.25395,-19.4739,-19.32167,-19.28104,-19.27788
301.6,-19.25725,-19.484,-19.32763,-19.26212,-19.27968
301.7,-19.26567,-19.45991,-19.33721,-19.26779,-19.2869
301.8,-19.27439,-19.45063,-19.32206,-19.2936,-19.29642
301.9,-19.2746,-19.45913,-19.33803,-19.2949,-19.29298
302,-19.26366,-19.47136,-19.31811,-19.29082,-19.27804
302.1,-19.23658,-19.45613,-19.3091,-19.29611,-19.28867
302.2,-19.25572,-19.46211,-19.28061,-19.27886,-19.30123
302.3,-19.2822,-19.44851,-19.28126,-19.29883,-19.28974
302.4,-19.28304,-19.45141,-19.28579,-19.29898,-19.29362
302.5,-19.27304,-19.45773,-19.27232,-19.31086,-19.29563
302.6,-19.27658,-19.44349,-19.29605,-19.29633,-19.30828
302.7,-19.29628,-19.44978,-19.27455,-19.29218,-19.30341
302.8,-19.29342,-19.42806,-19.28707,-19.28359,-19.31772
302.9,-19.30787,-19.44012,-19.28393,-19.30447,-19.31009
303,-19.31391,-19.47925,-19.27604,-19.30071,-19.31053
303.1,-19.34159,-19.46856,-19.29717,-19.29081,-19.29725
303.2,-19.33301,-19.49053,-19.29865,-19.27673,-19.28051
303.3,-19.31108,-19.47486,-19.3168,-19.2825,-19.27603
303.4,-19.31388,-19.48214,-19.30608,-19.27877,-19.2708
303.5,-19.31992,-19.47555,-19.32249,-19.26966,-19.26183
303.6,-19.31015,-19.45222,-19.32597,-19.25005,-19.26067
303.7,-19.29363,-19.45412,-19.33175,-19.28148,-19.26516
303.8,-19.29198,-19.43426,-19.3432,-19.25883,-19.2492
303.9,-19.28019,-19.43159,-19.33896,-19.26491,-19.24412
304,-19.27867,-19.43398,-19.34684,-19.25755,-19.21992
304.1,-19.25853,-19.4459,-19.32688,-19.2505,-19.2208
304.2,-19.27473,-19.45945,-19.32683,-19.22635,-19.23198
304.3,-19.27222,-19.44675,-19.3314,-19.23628,-19.23996
304.4,-19.28446,-19.43869,-19.32872,-19.24387,-19.22908
304.5,-19.28283,-19.41729,-19.34883,-19.24672,-19.25398
304.6,-19.29052,-19.40716,-19.36388,-19.25749,-19.22879
304.7,-19.29603,-19.40919,-19.36093,-19.25781,-19.25283
304.8,-19.3002,-19.41665,-19.36934,-19.2528,-19.2497
304.9,-19.30629,-19.43612,-19.36692,-19.23443,-19.26865
305,-19.30932,-19.41541,-19.3608,-19.23317,-19.25591
305.1,-19.32212,-19.39956,-19.36404,-19.24043,-19.23849
305.2,-19.32172,-19.41014,-19.36817,-19.24713,-19.22205
305.3,-19.31986,-19.42624,-19.33478,-19.24601,-19.22439
305.4,-19.32124,-19.43395,-19.34475,-19.25132,-19.23828
305.5,-19.31008,-19.41789,-19.35721,-19.24735,-19.26046
305.6,-19.30849,-19.4087,-19.35115,-19.2397,-19.27143
305.7,-19.3086,-19.40674,-19.36305,-19.24369,-19.29328
305.8,-19.30009,-19.42916,-19.37247,-19.21145,-19.26976
305.9,-19.303,-19.41774,-19.37223,-19.22503,-19.26918
306,-19.28336,-19.41894,-19.37896,-19.23922,-19.23886
306.1,-19.28643,-19.40643,-19.36861,-19.24727,-19.25373
306.2,-19.30387,-19.42875,-19.37126,-19.26136,-19.26195
306.3,-19.305,-19.43625,-19.38347,-19.25259,-19.25568
306.4,-19.32016,-19.43339,-19.40964,-19.25127,-19.25789
306.5,-19.31446,-19.4267,-19.39859,-19.23602,-19.25758
306.6,-19.32528,-19.42949,-19.40636,-19.23965,-19.24971
306.7,-19.32258,-19.44592,-19.3829,-19.24009,-19.22624
306.8,-19.31569,-19.4476,-19.39906,-19.24215,-19.22361
306.9,-19.31753,-19.44576,-19.35166,-19.24351,-19.22824
307,-19.32918,-19.43231,-19.34558,-19.2447,-19.21599
307.1,-19.35096,-19.42913,-19.35837,-19.24666,-19.2082
307.2,-19.36354,-19.43381,-19.34005,-19.25586,-19.18636
307.3,-19.33421,-19.42504,-19.35093,-19.27292,-19.29631
307.4,-19.34441,-19.44056,-19.35936,-19.28637,-19.29789
307.5,-19.35372,-19.43244,-19.34069,-19.27768,-19.30377
307.6,-19.36443,-19.44199,-19.3109,-19.27594,-19.30504
307.7,-19.37656,-19.4478,-19.29269,-19.25925,-19.31923
307.8,-19.39117,-19.44089,-19.30877,-19.24979,-19.3031
307.9,-19.40807,-19.43785,-19.29721,-19.22976,-19.31526
308,-19.44104,-19.44801,-19.31218,-19.23959,-19.33593
308.1,-19.42923,-19.44455,-19.31233,-19.24459,-19.36722
308.2,-19.41876,-19.43257,-19.33261,-19.26367,-19.3406
308.3,-19.39745,-19.44053,-19.31926,-19.27878,-19.34848
308.4,-19.38196,-19.42433,-19.33064,-19.32764,-19.35368
308.5,-19.39068,-19.41614,-19.32262,-19.33189,-19.34292
308.6,-19.38645,-19.41598,-19.31603,-19.34026,-19.3503
308.7,-19.385,-19.417,-19.32724,-19.33657,-19.3579
308.8,-19.37112,-19.41905,-19.3214,-19.33237,-19.33346
308.9,-19.36124,-19.41416,-19.32446,-19.3414,-19.3155
309,-19.35292,-19.39399,-19.33318,-19.35272,-19.32833
309.1,-19.36494,-19.37724,-19.36433,-19.3354,-19.32791
309.2,-19.36789,-19.37163,-19.36604,-19.3288,-19.32024
309.3,-19.34527,-19.37355,-19.38314,-19.32695,-19.33501
309.4,-19.35796,-19.36741,-19.37371,-19.32968,-19.32381
309.5,-19.33736,-19.35596,-19.38483,-19.31798,-19.32137
309.6,-19.34005,-19.37672,-19.37923,-19.31437,-19.30229
309.7,-19.33719,-19.37542,-19.38956,-19.31118,-19.30376
309.8,-19.3367,-19.39944,-19.35912,-19.29485,-19.28817
309.9,-19.34278,-19.39698,-19.34955,-19.31287,-19.27058
310,-19.34241,-19.40287,-19.36283,-19.31033,-19.27405
310.1,-19.31646,-19.41169,-19.36025,-19.29489,-19.25134
310.2,-19.29748,-19.42699,-19.37018,-19.2936,-19.26066
310.3,-19.30729,-19.43909,-19.37668,-19.30603,-19.25572
310.4,-19.30198,-19.41843,-19.39188,-19.32136,-19.27334
310.5,-19.28871,-19.41169,-19.40943,-19.35249,-19.28162
310.6,-19.27348,-19.40712,-19.42512,-19.36167,-19.25059
310.7,-19.25929,-19.39186,-19.4292,-19.35908,-19.26055
310.8,-19.26959,-19.38029,-19.41236,-19.33946,-19.27866
310.9,-19.24608,-19.37325,-19.40736,-19.33755,-19.259
311,-19.25725,-19.3573,-19.3857,-19.34853,-19.24858
311.1,-19.25501,-19.36137,-19.3923,-19.32575,-19.26599
311.2,-19.277,-19.35158,-19.40302,-19.31726,-19.2727
311.3,-19.27664,-19.38409,-19.39894,-19.31196,-19.28903
311.4,-19.30095,-19.38284,-19.39738,-19.3112,-19.29897
311.5,-19.29723,-19.39261,-19.37852,-19.31139,-19.28584
311.6,-19.29821,-19.39247,-19.3619,-19.29981,-19.29693
311.7,-19.28822,-19.38595,-19.35436,-19.28651,-19.27194
311.8,-19.2845,-19.40712,-19.35597,-19.27574,-19.25725
311.9,-19.26675,-19.42059,-19.36836,-19.27435,-19.26489
312,-19.25207,-19.42603,-19.37446,-19.27819,-19.27399
312.1,-19.29261,-19.40821,-19.36329,-19.27396,-19.27448
312.2,-19.32093,-19.40482,-19.36064,-19.25447,-19.25956
312.3,-19.3475,-19.40546,-19.36366,-19.26181,-19.2487
312.4,-19.33796,-19.40582,-19.35094,-19.26624,-19.25337
312.5,-19.35652,-19.37856,-19.35161,-19.27644,-19.26555
312.6,-19.38686,-19.39126,-19.35335,-19.26859,-19.25627
312.7,-19.38986,-19.40701,-19.35263,-19.28173,-19.26023
312.8,-19.38332,-19.42647,-19.35816,-19.27759,-19.22885
312.9,-19.36749,-19.42588,-19.36036,-19.27365,-19.24253
313,-19.37428,-19.41867,-19.3775,-19.2742,-19.26013
313.1,-19.39797,-19.40659,-19.3756,-19.27468,-19.24832
313.2,-19.38559,-19.39279,-19.39561,-19.271,-19.23482
313.3,-19.38487,-19.39732,-19.39929,-19.26968,-19.23005
313.4,-19.35695,-19.42436,-19.3913,-19.26648,-19.22378
313.5,-19.35504,-19.4377,-19.36615,-19.26123,-19.22369
313.6,-19.34442,-19.46093,-19.37697,-19.27762,-19.22646
313.7,-19.363,-19.45729,-19.36088,-19.27488,-19.22979
313.8,-19.34991,-19.45622,-19.363,-19.27861,-19.22395
313.9,-19.33857,-19.45545,-19.35765,-19.26048,-19.21601
314,-19.3534,-19.45582,-19.35312,-19.24311,-19.22003
314.1,-19.3423,-19.46255,-19.34889,-19.23746,-19.23694
314.2,-19.36107,-19.45221,-19.37336,-19.25217,-19.23589
314.3,-19.35895,-19.45549,-19.40646,-19.26107,-19.24113
314.4,-19.35894,-19.42743,-19.41239,-19.25922,-19.25941
314.5,-19.35043,-19.43398,-19.40728,-19.25727,-19.25489
314.6,-19.33997,-19.43106,-19.40964,-19.23131,-19.23818
314.7,-19.33388,-19.45169,-19.40593,-19.23834,-19.2367
314.8,-19.33624,-19.44785,-19.41659,-19.22518,-19.22767
314.9,-19.33446,-19.4647,-19.41814,-19.22207,-19.23256
315,-19.32209,-19.4643,-19.42634,-19.21664,-19.24306
315.1,-19.32791,-19.45146,-19.41861,-19.21829,-19.25876
315.2,-19.34063,-19.46186,-19.41992,-19.22811,-19.2572
315.3,-19.37105,-19.47037,-19.40769,-19.20857,-19.25329
315.4,-19.36431,-19.45581,-19.40287,-19.22571,-19.24729
315.5,-19.37125,-19.47769,-19.38852,-19.24361,-19.22909
315.6,-19.38188,-19.47849,-19.38918,-19.24218,-19.22351
315.7,-19.37731,-19.48366,-19.36878,-19.23794,-19.20198
315.8,-19.37515,-19.49088,-19.36238,-19.2406,-19.2019
315.9,-19.36548,-19.49323,-19.35767,-19.25351,-19.19817
316,-19.3703,-19.47295,-19.35688,-19.26099,-19.19236
316.1,-19.36207,-19.49453,-19.3449,-19.29277,-19.17938
316.2,-19.36212,-19.48937,-19.33024,-19.29454,-19.18179
316.3,-19.3495,-19.50553,-19.31061,-19.28675,-19.17514
316.4,-19.33041,-19.49469,-19.30007,-19.3172,-19.17189
316.5,-19.32611,-19.49872,-19.32335,-19.31991,-19.1652
316.6,-19.33055,-19.50527,-19.31406,-19.29943,-19.16581
316.7,-19.33947,-19.52485,-19.32859,-19.31306,-19.16199
316.8,-19.31881,-19.53457,-19.30844,-19.31117,-19.15542
316.9,-19.32477,-19.51399,-19.30158,-19.30937,-19.16827
317,-19.33289,-19.528,-19.29448,-19.31262,-19.14571
317.1,-19.32017,-19.53034,-19.27768,-19.32188,-19.14401
317.2,-19.3083,-19.53764,-19.2746,-19.3089,-19.14682
317.3,-19.28545,-19.53017,-19.27775,-19.31169,-19.14171
317.4,-19.30562,-19.52989,-19.25866,-19.31612,-19.15672
317.5,-19.30194,-19.52336,-19.25956,-19.33317,-19.1456
317.6,-19.30421,-19.53033,-19.25131,-19.34539,-19.15457
317.7,-19.30245,-19.52664,-19.2351,-19.32804,-19.15708
317.8,-19.30154,-19.52738,-19.21963,-19.33104,-19.13928
317.9,-19.30112,-19.50153,-19.20344,-19.32637,-19.13965
318,-19.32002,-19.49665,-19.19901,-19.29225,-19.14302
318.1,-19.31479,-19.46117,-19.19388,-19.26744,-19.16287
318.2,-19.32892,-19.44983,-19.28129,-19.26303,-19.16762
318.3,-19.34493,-19.4539,-19.30653,-19.26919,-19.17071
318.4,-19.36649,-19.44942,-19.28745,-19.2578,-19.16162
318.5,-19.36607,-19.45607,-19.28147,-19.26668,-19.17261
318.6,-19.37536,-19.46528,-19.26272,-19.25762,-19.1869
318.7,-19.3778,-19.45781,-19.25717,-19.26765,-19.18532
318.8,-19.38779,-19.47002,-19.23825,-19.25873,-19.173
318.9,-19.40785,-19.48391,-19.2291,-19.24777,-19.17657
319,-19.40266,-19.48793,-19.2343,-19.25708,-19.18106
319.1,-19.3992,-19.47533,-19.22746,-19.25473,-19.18316
319.2,-19.41265,-19.48412,-19.24267,-19.24637,-19.15131
319.3,-19.40349,-19.47377,-19.24555,-19.25213,-19.1427
319.4,-19.40129,-19.49298,-19.25076,-19.26592,-19.14533
319.5,-19.39627,-19.48248,-19.24402,-19.28701,-19.12587
319.6,-19.41999,-19.48072,-19.23917,-19.29067,-19.15994
319.7,-19.41405,-19.49786,-19.27288,-19.29778,-19.14743
319.8,-19.41432,-19.48097,-19.26389,-19.3065,-19.16904
319.9,-19.44014,-19.48932,-19.25058,-19.29565,-19.17982
320,-19.45247,-19.4905,-19.24816,-19.2761,-19.17942
320.1,-19.46546,-19.47339,-19.25599,-19.29005,-19.17208
320.2,-19.49267,-19.47655,-19.26974,-19.29571,-19.16417
320.3,-19.4854,-19.4928,-19.26289,-19.29204,-19.15107
320.4,-19.49774,-19.50043,-19.24877,-19.26778,-19.14051
320.5,-19.49431,-19.5009,-19.22981,-19.27893,-19.13704
320.6,-19.49441,-19.49907,-19.22928,-19.26633,-19.13998
320.7,-19.48571,-19.4859,-19.244,-19.27202,-19.1298
320.8,-19.48177,-19.48019,-19.25393,-19.2612,-19.13232
320.9,-19.47931,-19.47165,-19.26133,-19.26207,-19.13256
321,-19.46045,-19.46276,-19.23449,-19.2616,-19.14589
321.1,-19.43413,-19.4449,-19.2099,-19.24841,-19.17129
321.2,-19.43105,-19.45155,-19.21839,-19.2591,-19.16776
321.3,-19.43592,-19.45965,-19.21325,-19.25133,-19.17033
321.4,-19.43375,-19.45412,-19.22328,-19.2432,-19.17286
321.5,-19.43795,-19.46258,-19.21569,-19.23865,-19.17863
321.6,-19.42794,-19.45869,-19.22163,-19.23713,-19.18757
321.7,-19.44319,-19.46227,-19.2227,-19.22851,-19.17936
321.8,-19.4327,-19.475,-19.21827,-19.21301,-19.17621
321.9,-19.43529,-19.48134,-19.23435,-19.22944,-19.20004
322,-19.44982,-19.47454,-19.23367,-19.21708,-19.20144
322.1,-19.43458,-19.46391,-19.23107,-19.23547,-19.20403
322.2,-19.4077,-19.47403,-19.24041,-19.2167,-19.20546
322.3,-19.426,-19.46994,-19.26543,-19.22268,-19.20375
322.4,-19.41278,-19.46137,-19.25943,-19.22624,-19.22414
322.5,-19.38726,-19.48698,-19.24254,-19.23342,-19.19416
322.6,-19.38734,-19.49629,-19.24921,-19.20717,-19.18967
322.7,-19.38534,-19.51681,-19.26626,-19.19676,-19.20095
322.8,-19.3924,-19.50168,-19.24911,-19.21466,-19.21134
322.9,-19.39316,-19.49061,-19.26059,-19.20923,-19.23588
323,-19.39053,-19.4987,-19.25667,-19.19822,-19.25091
323.1,-19.3998,-19.50644,-19.26988,-19.20695,-19.24904
323.2,-19.40864,-19.50849,-19.27742,-19.22568,-19.23596
323.3,-19.45059,-19.50277,-19.26494,-19.22586,-19.21958
323.4,-19.44066,-19.51279,-19.25617,-19.23066,-19.21363
323.5,-19.45209,-19.51664,-19.28495,-19.23621,-19.21377
323.6,-19.45635,-19.50482,-19.28869,-19.24906,-19.2171
323.7,-19.45239,-19.51873,-19.26277,-19.26648,-19.22447
323.8,-19.4677,-19.50293,-19.27506,-19.25693,-19.22081
323.9,-19.47425,-19.51238,-19.26561,-19.24227,-19.19632
324,-19.49284,-19.49943,-19.26647,-19.24745,-19.20271
324.1,-19.50204,-19.48289,-19.24446,-19.25868,-19.19931
324.2,-19.48659,-19.47516,-19.25322,-19.24985,-19.21689
324.3,-19.47596,-19.49487,-19.26556,-19.24749,-19.20648
324.4,-19.47743,-19.50573,-19.25003,-19.25585,-19.18828
324.5,-19.48166,-19.51592,-19.25848,-19.23861,-19.18425
324.6,-19.45861,-19.52035,-19.26163,-19.24549,-19.18813
324.7,-19.45893,-19.50007,-19.26814,-19.2395,-19.18287
324.8,-19.47144,-19.49247,-19.27895,-19.22716,-19.16823
324.9,-19.4606,-19.50961,-19.27949,-19.22313,-19.16732
325,-19.44727,-19.51939,-19.25997,-19.24839,-19.16505
325.1,-19.44043,-19.52863,-19.27067,-19.25488,-19.16641
325.2,-19.44019,-19.52881,-19.25264,-19.29673,-19.17091
325.3,-19.43631,-19.52437,-19.27212,-19.27831,-19.20071
325.4,-19.44276,-19.52993,-19.28184,-19.26076,-19.21151
325.5,-19.45023,-19.51834,-19.25364,-19.25722,-19.20259
325.6,-19.4476,-19.50945,-19.25884,-19.23894,-19.20592
325.7,-19.46082,-19.5069,-19.23091,-19.26496,-19.20439
325.8,-19.45839,-19.51264,-19.22365,-19.24682,-19.2066
325.9,-19.46135,-19.4898,-19.21805,-19.23738,-19.18667
326,-19.4674,-19.48746,-19.22959,-19.22267,-19.18243
326.1,-19.46718,-19.48227,-19.23546,-19.22636,-19.18385
326.2,-19.4646,-19.48911,-19.24825,-19.21702,-19.20262
326.3,-19.46216,-19.49518,-19.25217,-19.20301,-19.21175
326.4,-19.44962,-19.4949,-19.24782,-19.19723,-19.19821
326.5,-19.46433,-19.52116,-19.26201,-19.18712,-19.19251
326.6,-19.45634,-19.52014,-19.28056,-19.20226,-19.17192
326.7,-19.4573,-19.51294,-19.26761,-19.22418,-19.15726
326.8,-19.46492,-19.51228,-19.2789,-19.22368,-19.15007
326.9,-19.45691,-19.5063,-19.31069,-19.23725,-19.16312
327,-19.46309,-19.49116,-19.30014,-19.20214,-19.16465
327.1,-19.44428,-19.4923,-19.29592,-19.19966,-19.18903
327.2,-19.41656,-19.50647,-19.29099,-19.18806,-19.17369
327.3,-19.43296,-19.49021,-19.27575,-19.16401,-19.17115
327.4,-19.44062,-19.48832,-19.28309,-19.16901,-19.17475
327.5,-19.44239,-19.50431,-19.30097,-19.17104,-19.19179
327.6,-19.42575,-19.52198,-19.28601,-19.17728,-19.17958
327.7,-19.42648,-19.49668,-19.28577,-19.18804,-19.17893
327.8,-19.42626,-19.49713,-19.25327,-19.16132,-19.18545
327.9,-19.42573,-19.49792,-19.26305,-19.16103,-19.19094
328,-19.43118,-19.50158,-19.27053,-19.14122,-19.17813
328.1,-19.45143,-19.5055,-19.24284,-19.12861,-19.19451
328.2,-19.44163,-19.50485,-19.27113,-19.13502,-19.19276
328.3,-19.4439,-19.52763,-19.2543,-19.14364,-19.18466
328.4,-19.4092,-19.5429,-19.25519,-19.16671,-19.18172
328.5,-19.38387,-19.56068,-19.27983,-19.17674,-19.19758
328.6,-19.40879,-19.56756,-19.26486,-19.20225,-19.19532
328.7,-19.3755,-19.55622,-19.25287,-19.22042,-19.15872
328.8,-19.39044,-19.57188,-19.25607,-19.22551,-19.16586
328.9,-19.4204,-19.56258,-19.23799,-19.21307,-19.1609
329,-19.42855,-19.57426,-19.23003,-19.20634,-19.16212
329.1,-19.42002,-19.56476,-19.24043,-19.20797,-19.17776
329.2,-19.41675,-19.55495,-19.25412,-19.22227,-19.17256
329.3,-19.42018,-19.55317,-19.26005,-19.22693,-19.15815
329.4,-19.41136,-19.52258,-19.25047,-19.2195,-19.14021
329.5,-19.42083,-19.51342,-19.24886,-19.21708,-19.12399
329.6,-19.42462,-19.48352,-19.24573,-19.20293,-19.09473
329.7,-19.42404,-19.47918,-19.25522,-19.22147,-19.23082
329.8,-19.42847,-19.4857,-19.24463,-19.21929,-19.24882
329.9,-19.43562,-19.49072,-19.23454,-19.20203,-19.24166
330,-19.44126,-19.49838,-19.23984,-19.22408,-19.24705
330.1,-19.43265,-19.50413,-19.23292,-19.23064,-19.2634
330.2,-19.42058,-19.51799,-19.2308,-19.24233,-19.27505
330.3,-19.4105,-19.52173,-19.23657,-19.21453,-19.25484
330.4,-19.40897,-19.52154,-19.23373,-19.20866,-19.25549
330.5,-19.41314,-19.54612,-19.23709,-19.2211,-19.24856
330.6,-19.42711,-19.52045,-19.2345,-19.20516,-19.2502
330.7,-19.45001,-19.49656,-19.22521,-19.20647,-19.27331
330.8,-19.44625,-19.48942,-19.1954,-19.1949,-19.29394
330.9,-19.45805,-19.47869,-19.19579,-19.20829,-19.30953
331,-19.463,-19.48527,-19.17382,-19.20866,-19.31908
331.1,-19.45611,-19.47735,-19.19438,-19.19503,-19.31886
331.2,-19.45714,-19.4785,-19.18265,-19.21121,-19.30055
331.3,-19.46061,-19.47038,-19.19592,-19.19947,-19.30469
331.4,-19.46135,-19.48023,-19.20066,-19.19401,-19.31843
331.5,-19.46136,-19.45595,-19.2256,-19.20418,-19.33079
331.6,-19.46629,-19.45544,-19.20558,-19.22642,-19.32207
331.7,-19.45065,-19.45255,-19.20982,-19.20056,-19.30218
331.8,-19.44409,-19.46609,-19.18666,-19.31545,-19.28315
331.9,-19.46446,-19.4752,-19.18031,-19.31914,-19.28784
332,-19.46423,-19.45161,-19.16729,-19.31333,-19.29149
332.1,-19.43786,-19.47779,-19.15958,-19.33476,-19.28886
332.2,-19.42513,-19.48205,-19.17731,-19.3149,-19.28786
332.3,-19.42904,-19.47845,-19.1923,-19.31445,-19.29687
332.4,-19.41207,-19.46136,-19.19745,-19.3044,-19.28996
332.5,-19.4094,-19.45618,-19.18904,-19.31669,-19.2815
332.6,-19.41696,-19.44674,-19.19614,-19.32032,-19.28495
332.7,-19.42585,-19.43927,-19.21384,-19.32119,-19.28754
332.8,-19.45909,-19.4256,-19.18944,-19.31269,-19.28051
332.9,-19.46435,-19.4197,-19.20136,-19.31809,-19.27415
333,-19.48678,-19.40056,-19.19763,-19.32025,-19.2645
333.1,-19.50624,-19.39029,-19.18979,-19.31334,-19.27575
333.2,-19.50382,-19.38004,-19.17281,-19.28713,-19.25301
333.3,-19.52563,-19.38182,-19.1755,-19.29145,-19.25198
333.4,-19.51867,-19.38621,-19.17222,-19.29315,-19.25303
333.5,-19.517,-19.36392,-19.17961,-19.29398,-19.25277
333.6,-19.51931,-19.3627,-19.19155,-19.29278,-19.23203
333.7,-19.50398,-19.37383,-19.1821,-19.29826,-19.22464
333.8,-19.51656,-19.39031,-19.15451,-19.28175,-19.2034
333.9,-19.50672,-19.38542,-19.16361,-19.28272,-19.17112
334,-19.47829,-19.40331,-19.14598,-19.2854,-19.14998
334.1,-19.46549,-19.40687,-19.13574,-19.28566,-19.14704
334.2,-19.46289,-19.42159,-19.14332,-19.28322,-19.14431
334.3,-19.47606,-19.40489,-19.14154,-19.26018,-19.15676
334.4,-19.46191,-19.38916,-19.12805,-19.26428,-19.16233
334.5,-19.48439,-19.40537,-19.14105,-19.24551,-19.17114
334.6,-19.50013,-19.40961,-19.11426,-19.24749,-19.14361
334.7,-19.50837,-19.41564,-19.09226,-19.22167,-19.14238
334.8,-19.51424,-19.41688,-19.19778,-19.2498,-19.1339
334.9,-19.51113,-19.42929,-19.20449,-19.25697,-19.13925
335,-19.52386,-19.43539,-19.20489,-19.25517,-19.12649
335.1,-19.51052,-19.40255,-19.20958,-19.27172,-19.13536
335.2,-19.48483,-19.36278,-19.21429,-19.26991,-19.12918
335.3,-19.48819,-19.35482,-19.23157,-19.24021,-19.12891
335.4,-19.48412,-19.34832,-19.25337,-19.24262,-19.09843
335.5,-19.48144,-19.35544,-19.27505,-19.23997,-19.08688
335.6,-19.49408,-19.33165,-19.25635,-19.24412,-19.06464
335.7,-19.50221,-19.33934,-19.25407,-19.22861,-19.0599
335.8,-19.50803,-19.34193,-19.23776,-19.23628,-19.03184
335.9,-19.52015,-19.36305,-19.24415,-19.23828,-19.02515
336,-19.52692,-19.36045,-19.2503,-19.2434,-19.00659
336.1,-19.50848,-19.38764,-19.24739,-19.23719,-19.12316
336.2,-19.51089,-19.39143,-19.22849,-19.25506,-19.11455
336.3,-19.5109,-19.37548,-19.22463,-19.24375,-19.11238
336.4,-19.52024,-19.37653,-19.23356,-19.2405,-19.11124
336.5,-19.50026,-19.38289,-19.24657,-19.24781,-19.12585
336.6,-19.52868,-19.38792,-19.24333,-19.21466,-19.11526
336.7,-19.56245,-19.34739,-19.2414,-19.19948,-19.11283
336.8,-19.56653,-19.36505,-19.23368,-19.20748,-19.11585
336.9,-19.60228,-19.36099,-19.22785,-19.22319,-19.14253
337,-19.60461,-19.35302,-19.19677,-19.22272,-19.15437
337.1,-19.60452,-19.3681,-19.18071,-19.21866,-19.17014
337.2,-19.63601,-19.39181,-19.19618,-19.23214,-19.20192
337.3,-19.6206,-19.36638,-19.20028,-19.24341,-19.19712
337.4,-19.62431,-19.37109,-19.18472,-19.24265,-19.18645
337.5,-19.60769,-19.37073,-19.18034,-19.21931,-19.1974
337.6,-19.62025,-19.3654,-19.18403,-19.23783,-19.20863
337.7,-19.62207,-19.35042,-19.18548,-19.22492,-19.20538
337.8,-19.63164,-19.34039,-19.20312,-19.24864,-19.1936
337.9,-19.60543,-19.35147,-19.22474,-19.24536,-19.1726
338,-19.58918,-19.35943,-19.21496,-19.2519,-19.18666
338.1,-19.57595,-19.35101,-19.23153,-19.24066,-19.18174
338.2,-19.55887,-19.38807,-19.20326,-19.22567,-19.19208
338.3,-19.53533,-19.37547,-19.21515,-19.22063,-19.23264
338.4,-19.53441,-19.3775,-19.20792,-19.20533,-19.22729
338.5,-19.53154,-19.38504,-19.2315,-19.2013,-19.19836
338.6,-19.53376,-19.37408,-19.21341,-19.2139,-19.1977
338.7,-19.55175,-19.37651,-19.19996,-19.20745,-19.20977
338.8,-19.56959,-19.40394,-19.17713,-19.19639,-19.21882
338.9,-19.57664,-19.41224,-19.19416,-19.21056,-19.21118
339,-19.56824,-19.43151,-19.17875,-19.2045,-19.23504
339.1,-19.56928,-19.43108,-19.1834,-19.2201,-19.238
339.2,-19.56211,-19.42407,-19.21229,-19.21597,-19.24885
339.3,-19.55547,-19.43676,-19.20832,-19.21108,-19.25844
339.4,-19.54281,-19.42425,-19.21602,-19.2266,-19.26263
339.5,-19.53214,-19.40536,-19.22703,-19.23891,-19.25495
339.6,-19.54692,-19.42679,-19.21815,-19.25842,-19.23695
339.7,-19.56398,-19.43179,-19.21689,-19.26345,-19.23595
339.8,-19.55446,-19.40574,-19.22028,-19.2782,-19.22927
339.9,-19.55276,-19.41127,-19.22259,-19.27513,-19.22762
340,-19.56113,-19.41449,-19.24456,-19.26507,-19.2373
340.1,-19.56405,-19.39735,-19.22209,-19.25671,-19.20706
340.2,-19.5484,-19.3983,-19.2167,-19.27146,-19.20002
340.3,-19.53927,-19.39127,-19.19143,-19.27405,-19.22643
340.4,-19.53907,-19.40964,-19.19508,-19.29869,-19.2319
340.5,-19.52791,-19.40714,-19.15908,-19.28676,-19.22268
340.6,-19.49357,-19.387,-19.14554,-19.28166,-19.22201
340.7,-19.48132,-19.40952,-19.13337,-19.27114,-19.22104
340.8,-19.47545,-19.40118,-19.12129,-19.26553,-19.23352
340.9,-19.47521,-19.40059,-19.13642,-19.2687,-19.22973
341,-19.4947,-19.3798,-19.14451,-19.27411,-19.22722
341.1,-19.49291,-19.3702,-19.12589,-19.281,-19.25598
341.2,-19.47733,-19.37238,-19.11393,-19.29784,-19.23949
341.3,-19.4704,-19.35679,-19.1236,-19.30329,-19.2201
341.4,-19.45912,-19.36265,-19.11486,-19.30207,-19.20943
341.5,-19.44785,-19.34372,-19.12024,-19.29072,-19.21977
341.6,-19.45697,-19.3454,-19.11901,-19.2787,-19.2078
341.7,-19.45638,-19.37463,-19.12766,-19.27878,-19.21038
341.8,-19.462,-19.36196,-19.12428,-19.26779,-19.22253
341.9,-19.4566,-19.36668,-19.13985,-19.26305,-19.22424
342,-19.46132,-19.35405,-19.14597,-19.26708,-19.22506
342.1,-19.47518,-19.35883,-19.15071,-19.27202,-19.20956
342.2,-19.48429,-19.36669,-19.15264,-19.28751,-19.21037
342.3,-19.49852,-19.38668,-19.14693,-19.28275,-19.20643
342.4,-19.47843,-19.39424,-19.15517,-19.27804,-19.18841
342.5,-19.4732,-19.38487,-19.17199,-19.27589,-19.1983
342.6,-19.46277,-19.40705,-19.18186,-19.28535,-19.19341
342.7,-19.46363,-19.41101,-19.17911,-19.30549,-19.1567
342.8,-19.47645,-19.39594,-19.17504,-19.30063,-19.16949
342.9,-19.47077,-19.39705,-19.18005,-19.31116,-19.19807
343,-19.47307,-19.37833,-19.17634,-19.33226,-19.19005
343.1,-19.44469,-19.37425,-19.18679,-19.34095,-19.18235
343.2,-19.44875,-19.3584,-19.19699,-19.32188,-19.18651
343.3,-19.4508,-19.35874,-19.20796,-19.33066,-19.17962
343.4,-19.46933,-19.34551,-19.19627,-19.31098,-19.1848
343.5,-19.49167,-19.35784,-19.20673,-19.31216,-19.19416
343.6,-19.48956,-19.40391,-19.1973,-19.32136,-19.19079
343.7,-19.46761,-19.37816,-19.19031,-19.30667,-19.18201
343.8,-19.48347,-19.38207,-19.20241,-19.30104,-19.21724
343.9,-19.48501,-19.37741,-19.19347,-19.30023,-19.21016
344,-19.47507,-19.37578,-19.1992,-19.3093,-19.23073
344.1,-19.47077,-19.36084,-19.1944,-19.30953,-19.23961
344.2,-19.46194,-19.3684,-19.19591,-19.30323,-19.23935
344.3,-19.46385,-19.35406,-19.1965,-19.31037,-19.236
344.4,-19.45853,-19.35257,-19.16352,-19.30132,-19.21596
344.5,-19.47085,-19.36193,-19.18315,-19.32397,-19.21479
344.6,-19.4738,-19.38966,-19.17456,-19.31488,-19.25282
344.7,-19.46072,-19.40774,-19.17275,-19.31279,-19.24396
344.8,-19.45141,-19.38706,-19.19715,-19.32894,-19.23735
344.9,-19.43792,-19.39209,-19.20384,-19.32976,-19.24321
345,-19.42488,-19.37172,-19.20491,-19.32538,-19.2461
345.1,-19.44964,-19.37388,-19.21424,-19.28324,-19.25391
345.2,-19.43856,-19.35884,-19.21586,-19.29198,-19.26934
345.3,-19.43398,-19.33799,-19.21304,-19.29583,-19.26556
345.4,-19.43631,-19.31935,-19.22318,-19.29668,-19.26322
345.5,-19.42806,-19.32348,-19.20859,-19.30349,-19.25521
345.6,-19.426,-19.33005,-19.18285,-19.29323,-19.25406
345.7,-19.42223,-19.33439,-19.19023,-19.30898,-19.26686
345.8,-19.41314,-19.34858,-19.22788,-19.2928,-19.26927
345.9,-19.41829,-19.36313,-19.22364,-19.27215,-19.27627
346,-19.4156,-19.36151,-19.22681,-19.28257,-19.27503
346.1,-19.38778,-19.36117,-19.23357,-19.31498,-19.25989
346.2,-19.37176,-19.33806,-19.23459,-19.31471,-19.23705
346.3,-19.3779,-19.35671,-19.22858,-19.3343,-19.25258
346.4,-19.36255,-19.35176,-19.2233,-19.33644,-19.26979
346.5,-19.38873,-19.35444,-19.2551,-19.3278,-19.27463
346.6,-19.38332,-19.35531,-19.26498,-19.33012,-19.25047
346.7,-19.38595,-19.37692,-19.25687,-19.31606,-19.25385
346.8,-19.39165,-19.35202,-19.28631,-19.30663,-19.25585
346.9,-19.39063,-19.35956,-19.31155,-19.30417,-19.25425
347,-19.36356,-19.35884,-19.33807,-19.31412,-19.25286
347.1,-19.37965,-19.35314,-19.33862,-19.30493,-19.24379
347.2,-19.37061,-19.35456,-19.33247,-19.30068,-19.24224
347.3,-19.3718,-19.36704,-19.32493,-19.28414,-19.23682
347.4,-19.36464,-19.37307,-19.31161,-19.26193,-19.23992
347.5,-19.37569,-19.39596,-19.30414,-19.25728,-19.25144
347.6,-19.35461,-19.40003,-19.30741,-19.26567,-19.27558
347.7,-19.34921,-19.39765,-19.30163,-19.25916,-19.27447
347.8,-19.322,-19.37838,-19.2964,-19.24455,-19.26596
347.9,-19.33151,-19.35579,-19.30589,-19.22056,-19.26524
348,-19.32548,-19.3703,-19.29677,-19.21876,-19.27148
348.1,-19.3283,-19.37179,-19.28223,-19.23066,-19.26882
348.2,-19.35516,-19.35693,-19.291,-19.22322,-19.2757
348.3,-19.35105,-19.36519,-19.28525,-19.22612,-19.25872
348.4,-19.35933,-19.36785,-19.2804,-19.22316,-19.23951
348.5,-19.37818,-19.37337,-19.28261,-19.22174,-19.27715
348.6,-19.35434,-19.38557,-19.2733,-19.21928,-19.26202
348.7,-19.36989,-19.39476,-19.28588,-19.2096,-19.25175
348.8,-19.35428,-19.40458,-19.28829,-19.23335,-19.24969
348.9,-19.36963,-19.40656,-19.29554,-19.22376,-19.24342
349,-19.39579,-19.42356,-19.31254,-19.23235,-19.23047
349.1,-19.42039,-19.41117,-19.33131,-19.22447,-19.2243
349.2,-19.43394,-19.39576,-19.32497,-19.22936,-19.20965
349.3,-19.43809,-19.39802,-19.33293,-19.23756,-19.20267
349.4,-19.43405,-19.39015,-19.31535,-19.2415,-19.18914
349.5,-19.41615,-19.38036,-19.33109,-19.25462,-19.20527
349.6,-19.42667,-19.37655,-19.32108,-19.23715,-19.19496
349.7,-19.40213,-19.40567,-19.31454,-19.253,-19.21746
349.8,-19.38254,-19.39202,-19.33747,-19.27393,-19.21895
349.9,-19.395,-19.36685,-19.35528,-19.28714,-19.2282
350,-19.39024,-19.37435,-19.36123,-19.30849,-19.22645
350.1,-19.3886,-19.35873,-19.34862,-19.29092,-19.21877
350.2,-19.40018,-19.36475,-19.33398,-19.29287,-19.22957
350.3,-19.39895,-19.36154,-19.34906,-19.27148,-19.22425
350.4,-19.42138,-19.3518,-19.34737,-19.2646,-19.23378
350.5,-19.40164,-19.32612,-19.35047,-19.28538,-19.23129
350.6,-19.39367,-19.32723,-19.36709,-19.27385,-19.24137
350.7,-19.42203,-19.30501,-19.37525,-19.28651,-19.22371
350.8,-19.41984,-19.32239,-19.38308,-19.26573,-19.2637
350.9,-19.41932,-19.30627,-19.36672,-19.26992,-19.24666
351,-19.40235,-19.29992,-19.38496,-19.27976,-19.26264
351.1,-19.40007,-19.30479,-19.39801,-19.26916,-19.26334
351.2,-19.40901,-19.29478,-19.42039,-19.27126,-19.2931
351.3,-19.40447,-19.32371,-19.41667,-19.25017,-19.27525
351.4,-19.3838,-19.30859,-19.4177,-19.25016,-19.28008
351.5,-19.40009,-19.33687,-19.3956,-19.2582,-19.28671
351.6,-19.39355,-19.33947,-19.39613,-19.26197,-19.27145
351.7,-19.38304,-19.34744,-19.41029,-19.23766,-19.25352
351.8,-19.37635,-19.36934,-19.40789,-19.26344,-19.26021
351.9,-19.37944,-19.3723,-19.39493,-19.26035,-19.26361
352,-19.36742,-19.36937,-19.40861,-19.25529,-19.24102
352.1,-19.38311,-19.39319,-19.38652,-19.25234,-19.23286
352.2,-19.3774,-19.37337,-19.39214,-19.25877,-19.22595
352.3,-19.36095,-19.34149,-19.38575,-19.27798,-19.23129
352.4,-19.33185,-19.33972,-19.40925,-19.25972,-19.23442
352.5,-19.32156,-19.33423,-19.40014,-19.23043,-19.22167
352.6,-19.29937,-19.33654,-19.42919,-19.22331,-19.23433
352.7,-19.30067,-19.31863,-19.41756,-19.17779,-19.22582
352.8,-19.30566,-19.3075,-19.43744,-19.2798,-19.21252
352.9,-19.30601,-19.27348,-19.45673,-19.26593,-19.22025
353,-19.30195,-19.26329,-19.43067,-19.26611,-19.22698
353.1,-19.31392,-19.29237,-19.4346,-19.27439,-19.24378
353.2,-19.31654,-19.26977,-19.41295,-19.30321,-19.23439
353.3,-19.30722,-19.27367,-19.42378,-19.28307,-19.23664
353.4,-19.31008,-19.27269,-19.4033,-19.25431,-19.2265
353.5,-19.33775,-19.28258,-19.41248,-19.25486,-19.20661
353.6,-19.34334,-19.27772,-19.41248,-19.24547,-19.19997
353.7,-19.3413,-19.30152,-19.41148,-19.23666,-19.20772
353.8,-19.3376,-19.31648,-19.4051,-19.23311,-19.20831
353.9,-19.35329,-19.31225,-19.42063,-19.2488,-19.23735
354,-19.33905,-19.3022,-19.42973,-19.22889,-19.22681
354.1,-19.31796,-19.27665,-19.43743,-19.22708,-19.23141
354.2,-19.34071,-19.29188,-19.4319,-19.24855,-19.24146
354.3,-19.3445,-19.27584,-19.40448,-19.23061,-19.22436
354.4,-19.3275,-19.27105,-19.39506,-19.2166,-19.2071
354.5,-19.31558,-19.26447,-19.36215,-19.20553,-19.22246
354.6,-19.30481,-19.27552,-19.36795,-19.21306,-19.2412
354.7,-19.33458,-19.27264,-19.3871,-19.21826,-19.23983
354.8,-19.34406,-19.27092,-19.39919,-19.2208,-19.21467
354.9,-19.35628,-19.24635,-19.39028,-19.23604,-19.21974
355,-19.35226,-19.24619,-19.37909,-19.23584,-19.18634
355.1,-19.37552,-19.22351,-19.39465,-19.23079,-19.17918
355.2,-19.37327,-19.22279,-19.38084,-19.21713,-19.19198
355.3,-19.3689,-19.22492,-19.39005,-19.20612,-19.18835
355.4,-19.37106,-19.21469,-19.41595,-19.20025,-19.1984
355.5,-19.38239,-19.22894,-19.39643,-19.20687,-19.20318
355.6,-19.39006,-19.24637,-19.37706,-19.23183,-19.21209
355.7,-19.38065,-19.25411,-19.37791,-19.23618,-19.20159
355.8,-19.41294,-19.27001,-19.38135,-19.22637,-19.2023
355.9,-19.38789,-19.26567,-19.3851,-19.21067,-19.19324
356,-19.36254,-19.28087,-19.4078,-19.20459,-19.2103
356.1,-19.35852,-19.28113,-19.39793,-19.19889,-19.22203
356.2,-19.35627,-19.28819,-19.39755,-19.21301,-19.22297
356.3,-19.36194,-19.27303,-19.39428,-19.20531,-19.22054
356.4,-19.36782,-19.2636,-19.38368,-19.20973,-19.20553
356.5,-19.33435,-19.27234,-19.39538,-19.20303,-19.20568
356.6,-19.32514,-19.25729,-19.40711,-19.19441,-19.22465
356.7,-19.32939,-19.27112,-19.39324,-19.20662,-19.21327
356.8,-19.33568,-19.27922,-19.38462,-19.23915,-19.19455
356.9,-19.33341,-19.26804,-19.39492,-19.20855,-19.19426
357,-19.34754,-19.27346,-19.38457,-19.20964,-19.21297
357.1,-19.35728,-19.27032,-19.37838,-19.20667,-19.22385
357.2,-19.34795,-19.27136,-19.37786,-19.20606,-19.23799
357.3,-19.36728,-19.24004,-19.36191,-19.19866,-19.22991
357.4,-19.36719,-19.23674,-19.34386,-19.18916,-19.21284
357.5,-19.35398,-19.25271,-19.34508,-19.20398,-19.20026
357.6,-19.3481,-19.25541,-19.36016,-19.19694,-19.21445
357.7,-19.35915,-19.24782,-19.35856,-19.19176,-19.21816
357.8,-19.36883,-19.24852,-19.37253,-19.17237,-19.21938
357.9,-19.38047,-19.24455,-19.35745,-19.16285,-19.24246
358,-19.35908,-19.23868,-19.36768,-19.18172,-19.25465
358.1,-19.37325,-19.2498,-19.36347,-19.17109,-19.24318
358.2,-19.36259,-19.2508,-19.35899,-19.19034,-19.2467
358.3,-19.35278,-19.24706,-19.37699,-19.18584,-19.26877
358.4,-19.36029,-19.24475,-19.39718,-19.19089,-19.26368
358.5,-19.38342,-19.25423,-19.38848,-19.17816,-19.27041
358.6,-19.37564,-19.25912,-19.3856,-19.17736,-19.26418
358.7,-19.36059,-19.25389,-19.39659,-19.19773,-19.27197
358.8,-19.37535,-19.248,-19.40109,-19.19965,-19.28954
358.9,-19.36703,-19.26388,-19.39752,-19.19226,-19.27352
359,-19.348,-19.26965,-19.39801,-19.17516,-19.27674
359.1,-19.34742,-19.29099,-19.39667,-19.17333,-19.25474
359.2,-19.35856,-19.31376,-19.38592,-19.19178,-19.27448
359.3,-19.35979,-19.32252,-19.37316,-19.19199,-19.26949
359.4,-19.33591,-19.30681,-19.37212,-19.17621,-19.27495
359.5,-19.33775,-19.34269,-19.37489,-19.20777,-19.27886
359.6,-19.35693,-19.33484,-19.36658,-19.21442,-19.26599
359.7,-19.36035,-19.31891,-19.37533,-19.2172,-19.25099
359.8,-19.36123,-19.30883,-19.40138,-19.19051,-19.26977
359.9,-19.36418,-19.32006,-19.40304,-19.21313,-19.27628
360,-19.36164,-19.32253,-19.37189,-19.19953,-19.28575
360.1,-19.36482,-19.32422,-19.37481,-19.19236,-19.27631
360.2,-19.34362,-19.33854,-19.36887,-19.17543,-19.26905
360.3,-19.34157,-19.35389,-19.361,-19.18261,-19.25698
360.4,-19.31898,-19.33746,-19.36035,-19.17198,-19.26899
360.5,-19.31515,-19.34708,-19.36672,-19.16355,-19.26844
360.6,-19.2938,-19.35378,-19.34679,-19.18232,-19.26694
360.7,-19.29684,-19.34663,-19.33538,-19.20157,-19.2872
360.8,-19.28945,-19.33674,-19.33403,-19.18187,-19.28832
360.9,-19.28254,-19.33879,-19.31266,-19.1895,-19.27062
361,-19.26827,-19.33218,-19.31296,-19.20752,-19.26445
361.1,-19.25761,-19.33817,-19.29875,-19.20717,-19.29167
361.2,-19.2773,-19.35197,-19.29003,-19.21526,-19.27305
361.3,-19.27385,-19.34374,-19.29367,-19.23326,-19.27486
361.4,-19.26603,-19.33866,-19.3102,-19.24607,-19.28077
361.5,-19.2658,-19.3341,-19.30639,-19.24604,-19.27245
361.6,-19.27719,-19.28814,-19.29242,-19.23844,-19.25119
361.7,-19.28684,-19.2959,-19.29547,-19.22732,-19.23908
361.8,-19.27426,-19.28844,-19.28574,-19.22208,-19.25407
361.9,-19.24666,-19.25985,-19.29373,-19.23973,-19.25441
362,-19.25723,-19.26,-19.29619,-19.22683,-19.25346
362.1,-19.25364,-19.28166,-19.2792,-19.24979,-19.28116
362.2,-19.26449,-19.28413,-19.25282,-19.24626,-19.29981
362.3,-19.25678,-19.28115,-19.23835,-19.23904,-19.30704
362.4,-19.27559,-19.28197,-19.36233,-19.25586,-19.3199
362.5,-19.28778,-19.26862,-19.3808,-19.24585,-19.3024
362.6,-19.28756,-19.25186,-19.3991,-19.24754,-19.29688
362.7,-19.29483,-19.23714,-19.3828,-19.23791,-19.30155
362.8,-19.30333,-19.21279,-19.39614,-19.23116,-19.30711
362.9,-19.32797,-19.22189,-19.36204,-19.22852,-19.30479
363,-19.30637,-19.21752,-19.35901,-19.21912,-19.303
363.1,-19.31769,-19.21146,-19.33997,-19.22915,-19.31012
363.2,-19.30932,-19.21635,-19.32746,-19.23991,-19.29076
363.3,-19.31883,-19.22158,-19.33659,-19.25795,-19.29029
363.4,-19.30572,-19.21601,-19.32947,-19.2596,-19.29184
363.5,-19.32112,-19.21207,-19.33994,-19.25462,-19.27659
363.6,-19.31485,-19.23668,-19.34858,-19.25469,-19.27877
363.7,-19.31989,-19.22607,-19.34299,-19.24503,-19.28128
363.8,-19.33735,-19.2367,-19.34389,-19.25656,-19.29174
363.9,-19.32842,-19.22096,-19.35602,-19.23839,-19.2875
364,-19.33589,-19.21455,-19.35241,-19.21678,-19.29048
364.1,-19.31704,-19.20694,-19.35204,-19.23583,-19.27562
364.2,-19.29545,-19.21815,-19.35898,-19.22233,-19.27054
364.3,-19.307,-19.22004,-19.36072,-19.21766,-19.2675
364.4,-19.31625,-19.18644,-19.35911,-19.21777,-19.25705
364.5,-19.32783,-19.18172,-19.37333,-19.21262,-19.25988
364.6,-19.32569,-19.19622,-19.38126,-19.21812,-19.28066
364.7,-19.3396,-19.19825,-19.39334,-19.23748,-19.28576
364.8,-19.34552,-19.19578,-19.37921,-19.19414,-19.29127
364.9,-19.32281,-19.19052,-19.37612,-19.17464,-19.29957
365,-19.30005,-19.17338,-19.36211,-19.12646,-19.28004
365.1,-19.29489,-19.1835,-19.35192,-19.09564,-19.29674
365.2,-19.29875,-19.18451,-19.32648,-19.22124,-19.31577
365.3,-19.30245,-19.1821,-19.31717,-19.2267,-19.3338
365.4,-19.30252,-19.18413,-19.30131,-19.22635,-19.32406
365.5,-19.30487,-19.18226,-19.29381,-19.25707,-19.31365
365.6,-19.3002,-19.19441,-19.2842,-19.27489,-19.31392
365.7,-19.28356,-19.20072,-19.28964,-19.26751,-19.28981
365.8,-19.30701,-19.21062,-19.30427,-19.2737,-19.30289
365.9,-19.29128,-19.21942,-19.3061,-19.26704,-19.3158
366,-19.30294,-19.24134,-19.29585,-19.26561,-19.31461
366.1,-19.29021,-19.24309,-19.28928,-19.26195,-19.31341
366.2,-19.28587,-19.25496,-19.30274,-19.27236,-19.32084
366.3,-19.27071,-19.26731,-19.32504,-19.28328,-19.28691
366.4,-19.27983,-19.27313,-19.31496,-19.29031,-19.28848
366.5,-19.28352,-19.28051,-19.31908,-19.30648,-19.29002
366.6,-19.29254,-19.27574,-19.31973,-19.3223,-19.3021
366.7,-19.30209,-19.2671,-19.3165,-19.35013,-19.30375
366.8,-19.29525,-19.27382,-19.29625,-19.35415,-19.29167
366.9,-19.27459,-19.27343,-19.29891,-19.33433,-19.27388
367,-19.30237,-19.25683,-19.31158,-19.34914,-19.29597
367.1,-19.31999,-19.25407,-19.31361,-19.3405,-19.28648
367.2,-19.32455,-19.24074,-19.34461,-19.32542,-19.28845
367.3,-19.35681,-19.2257,-19.34283,-19.32752,-19.29793
367.4,-19.33973,-19.23134,-19.32874,-19.32225,-19.29081
367.5,-19.34259,-19.2375,-19.31203,-19.33276,-19.29701
367.6,-19.30303,-19.23745,-19.28259,-19.33493,-19.30313
367.7,-19.31672,-19.23595,-19.27036,-19.36076,-19.28684
367.8,-19.30618,-19.24418,-19.25638,-19.312,-19.28415
367.9,-19.30708,-19.22843,-19.26702,-19.2913,-19.25782
368,-19.31101,-19.20816,-19.26905,-19.29945,-19.28061
368.1,-19.29165,-19.20558,-19.27369,-19.29747,-19.25443
368.2,-19.29099,-19.19431,-19.27629,-19.30757,-19.24643
368.3,-19.27938,-19.18631,-19.27187,-19.30219,-19.25918
368.4,-19.27259,-19.2002,-19.27567,-19.30352,-19.25914
368.5,-19.29148,-19.18955,-19.25143,-19.31667,-19.27301
368.6,-19.30173,-19.19292,-19.25764,-19.33101,-19.26191
368.7,-19.32768,-19.206,-19.24061,-19.34669,-19.25955
368.8,-19.31537,-19.18803,-19.24888,-19.36189,-19.28156
368.9,-19.30478,-19.17318,-19.25129,-19.32983,-19.29065
369,-19.30932,-19.16966,-19.25641,-19.31153,-19.30043
369.1,-19.30713,-19.16405,-19.24643,-19.30679,-19.28715
369.2,-19.30551,-19.16994,-19.25211,-19.31841,-19.28606
369.3,-19.31588,-19.18038,-19.23262,-19.33681,-19.30292
369.4,-19.30973,-19.18629,-19.23057,-19.34319,-19.27985
369.5,-19.31699,-19.17658,-19.22654,-19.35249,-19.25808
369.6,-19.34841,-19.16137,-19.22825,-19.35748,-19.24495
369.7,-19.36417,-19.15461,-19.22796,-19.32797,-19.22758
369.8,-19.35055,-19.16308,-19.22277,-19.31569,-19.23862
369.9,-19.36253,-19.16531,-19.23693,-19.29905,-19.25031
370,-19.38163,-19.17005,-19.25851,-19.29423,-19.25448
370.1,-19.37646,-19.18225,-19.24383,-19.41261,-19.26069
370.2,-19.35699,-19.19823,-19.25768,-19.39714,-19.25367
370.3,-19.36366,-19.20551,-19.25485,-19.39823,-19.2622
370.4,-19.34843,-19.2238,-19.2209,-19.38868,-19.25184
370.5,-19.33735,-19.24035,-19.23703,-19.4025,-19.26969
370.6,-19.34285,-19.22721,-19.23558,-19.3999,-19.2447
370.7,-19.35969,-19.24045,-19.21858,-19.37886,-19.21577
370.8,-19.37111,-19.21609,-19.21101,-19.36909,-19.21584
370.9,-19.35506,-19.22218,-19.20546,-19.34955,-19.21432
371,-19.36429,-19.20504,-19.20495,-19.36619,-19.20412
371.1,-19.36247,-19.2043,-19.19467,-19.38491,-19.21079
371.2,-19.35348,-19.21725,-19.19834,-19.38651,-19.21294
371.3,-19.34799,-19.22851,-19.18696,-19.36456,-19.20895
371.4,-19.38555,-19.22506,-19.19652,-19.39105,-19.22037
371.5,-19.36971,-19.20667,-19.18358,-19.40041,-19.21276
371.6,-19.35647,-19.19723,-19.16966,-19.42623,-19.21612
371.7,-19.35394,-19.20426,-19.20076,-19.42857,-19.23442
371.8,-19.36453,-19.19472,-19.18991,-19.43292,-19.22934
371.9,-19.38153,-19.18673,-19.17802,-19.42587,-19.23912
372,-19.37378,-19.14318,-19.17123,-19.436,-19.23946
372.1,-19.37619,-19.14239,-19.15171,-19.42088,-19.23658
372.2,-19.3688,-19.15814,-19.15495,-19.42673,-19.22642
372.3,-19.38823,-19.14321,-19.13903,-19.43619,-19.23882
372.4,-19.37378,-19.14683,-19.12831,-19.43171,-19.23658
372.5,-19.37682,-19.17124,-19.12391,-19.43115,-19.20951
372.6,-19.38273,-19.1784,-19.14624,-19.43441,-19.20039
372.7,-19.37326,-19.17381,-19.13859,-19.43296,-19.22506
372.8,-19.38235,-19.17495,-19.15554,-19.41726,-19.19133
372.9,-19.36337,-19.17288,-19.14349,-19.41792,-19.19074
373,-19.3692,-19.1935,-19.14291,-19.39519,-19.19416
373.1,-19.37796,-19.20121,-19.16791,-19.37793,-19.19339
373.2,-19.39008,-19.219,-19.16502,-19.35273,-19.20467
373.3,-19.39422,-19.21285,-19.193,-19.34368,-19.20229
373.4,-19.42069,-19.21483,-19.19314,-19.3584,-19.19105
373.5,-19.41688,-19.22613,-19.19615,-19.35976,-19.21566
373.6,-19.40731,-19.22308,-19.192,-19.36811,-19.21134
373.7,-19.41838,-19.23779,-19.18308,-19.39497,-19.19087
373.8,-19.40873,-19.24264,-19.17813,-19.37642,-19.17573
373.9,-19.41874,-19.25214,-19.17171,-19.38336,-19.18299
374,-19.41345,-19.24425,-19.20061,-19.38763,-19.17173
374.1,-19.41259,-19.23006,-19.20863,-19.3864,-19.18692
374.2,-19.40586,-19.2725,-19.20839,-19.38777,-19.19037
374.3,-19.40633,-19.24226,-19.17644,-19.39709,-19.174
374.4,-19.41793,-19.22399,-19.17469,-19.40672,-19.16531
374.5,-19.4235,-19.20545,-19.17993,-19.38611,-19.1564
374.6,-19.41803,-19.21998,-19.18456,-19.36881,-19.15348
374.7,-19.41309,-19.23,-19.19278,-19.37039,-19.16248
374.8,-19.43005,-19.20888,-19.20599,-19.35705,-19.16832
374.9,-19.42252,-19.19696,-19.19469,-19.35718,-19.16347
375,-19.44068,-19.19176,-19.20364,-19.34647,-19.20355
375.1,-19.44877,-19.21009,-19.20918,-19.36346,-19.22596
375.2,-19.43688,-19.20933,-19.19838,-19.38,-19.21859
375.3,-19.4518,-19.2244,-19.20127,-19.37977,-19.20519
375.4,-19.45429,-19.21039,-19.19729,-19.36503,-19.21442
375.5,-19.44207,-19.2248,-19.20954,-19.39749,-19.2252
375.6,-19.43118,-19.23601,-19.20102,-19.37473,-19.23328
375.7,-19.42945,-19.25136,-19.18249,-19.37876,-19.22969
375.8,-19.43181,-19.22597,-19.17702,-19.40554,-19.22207
375.9,-19.41164,-19.24684,-19.18131,-19.41966,-19.21191
376,-19.40393,-19.23605,-19.21293,-19.43881,-19.18678
376.1,-19.43177,-19.24721,-19.21671,-19.44406,-19.19514
376.2,-19.43768,-19.25202,-19.20337,-19.42662,-19.21701
376.3,-19.44175,-19.22589,-19.1898,-19.40432,-19.22907
376.4,-19.41992,-19.22089,-19.1818,-19.43124,-19.23798
376.5,-19.41393,-19.21114,-19.18564,-19.45501,-19.23236
376.6,-19.39128,-19.18524,-19.18563,-19.44621,-19.22804
376.7,-19.3712,-19.20806,-19.18257,-19.42823,-19.2359
376.8,-19.38544,-19.18228,-19.19839,-19.43723,-19.24707
376.9,-19.38115,-19.19032,-19.20872,-19.4512,-19.2603
377,-19.39794,-19.19029,-19.1916,-19.45273,-19.2468
377.1,-19.40493,-19.20693,-19.20031,-19.43786,-19.27306
377.2,-19.3964,-19.20558,-19.18771,-19.44002,-19.26253
377.3,-19.39034,-19.21032,-19.19558,-19.4371,-19.28418
377.4,-19.37902,-19.21008,-19.21666,-19.44147,-19.27947
377.5,-19.39724,-19.21889,-19.21991,-19.42741,-19.27239
377.6,-19.37197,-19.2321,-19.20927,-19.43928,-19.28949
377.7,-19.37469,-19.2555,-19.20569,-19.41802,-19.27351
377.8,-19.36733,-19.26293,-19.20487,-19.42765,-19.27517
377.9,-19.35833,-19.25945,-19.22884,-19.43499,-19.26364
378,-19.37156,-19.24589,-19.23744,-19.43304,-19.27576
378.1,-19.38347,-19.24843,-19.23669,-19.44884,-19.29564
378.2,-19.38562,-19.24426,-19.24095,-19.46563,-19.317
378.3,-19.37072,-19.24246,-19.24598,-19.48246,-19.31198
378.4,-19.36637,-19.24865,-19.23677,-19.509,-19.32426
378.5,-19.33364,-19.24112,-19.23993,-19.50983,-19.33816
378.6,-19.34366,-19.2181,-19.24676,-19.48969,-19.33179
378.7,-19.36072,-19.19069,-19.2446,-19.48119,-19.31154
378.8,-19.3401,-19.16858,-19.24038,-19.48994,-19.32085
378.9,-19.35538,-19.17238,-19.2288,-19.49166,-19.3094
379,-19.36759,-19.16909,-19.23257,-19.49578,-19.31931
379.1,-19.38542,-19.25853,-19.22054,-19.48726,-19.29732
379.2,-19.38143,-19.27261,-19.22976,-19.4799,-19.30037
379.3,-19.38207,-19.29603,-19.21853,-19.48914,-19.30056
379.4,-19.38422,-19.30025,-19.21667,-19.49657,-19.32929
379.5,-19.35409,-19.29337,-19.23461,-19.50149,-19.31903
379.6,-19.3749,-19.29831,-19.25072,-19.50468,-19.30895
379.7,-19.3781,-19.29853,-19.24856,-19.51323,-19.3034
379.8,-19.37909,-19.28231,-19.2584,-19.53107,-19.31591
379.9,-19.35501,-19.25479,-19.25243,-19.52799,-19.32336
380,-19.35768,-19.2739,-19.24386,-19.5109,-19.33573
380.1,-19.36346,-19.27364,-19.2578,-19.51837,-19.31795
380.2,-19.37433,-19.27313,-19.27471,-19.49744,-19.31086
380.3,-19.36577,-19.29014,-19.26506,-19.50943,-19.28877
380.4,-19.36553,-19.29957,-19.29386,-19.51492,-19.29764
380.5,-19.37349,-19.26996,-19.30857,-19.51873,-19.27797
380.6,-19.35077,-19.24948,-19.30629,-19.53059,-19.28689
380.7,-19.35516,-19.2219,-19.28545,-19.54135,-19.26928
380.8,-19.36858,-19.20668,-19.29821,-19.54022,-19.26699
380.9,-19.38213,-19.20423,-19.30043,-19.5436,-19.25617
381,-19.39736,-19.184,-19.32387,-19.55479,-19.25701
381.1,-19.3879,-19.18038,-19.32537,-19.56344,-19.26624
381.2,-19.38377,-19.16471,-19.33744,-19.57035,-19.24947
381.3,-19.38744,-19.16008,-19.33081,-19.58358,-19.26722
381.4,-19.37342,-19.15141,-19.31981,-19.57172,-19.25513
381.5,-19.38243,-19.14622,-19.34453,-19.54943,-19.26473
381.6,-19.38354,-19.15438,-19.36836,-19.5202,-19.28782
381.7,-19.37148,-19.1245,-19.34625,-19.48327,-19.26635
381.8,-19.37906,-19.117,-19.36033,-19.47327,-19.25294
381.9,-19.38962,-19.09767,-19.34629,-19.47531,-19.25772
382,-19.38487,-19.12588,-19.36763,-19.47173,-19.25098
382.1,-19.37614,-19.12149,-19.35603,-19.4487,-19.26681
382.2,-19.3568,-19.1305,-19.34006,-19.43714,-19.27466
382.3,-19.35476,-19.13899,-19.35129,-19.45548,-19.27683
382.4,-19.34913,-19.14117,-19.38658,-19.45958,-19.28778
382.5,-19.34931,-19.13633,-19.38895,-19.47285,-19.28428
382.6,-19.34924,-19.14747,-19.41436,-19.48068,-19.28806
382.7,-19.35615,-19.15043,-19.41085,-19.45491,-19.29873
382.8,-19.35881,-19.14326,-19.41479,-19.45524,-19.2982
382.9,-19.35874,-19.12796,-19.42608,-19.47327,-19.29855
383,-19.36236,-19.16019,-19.42988,-19.46393,-19.29672
383.1,-19.32985,-19.1584,-19.43824,-19.43386,-19.31748
383.2,-19.30267,-19.13251,-19.45053,-19.4193,-19.3332
383.3,-19.29775,-19.13123,-19.44553,-19.40099,-19.33351
383.4,-19.29199,-19.12438,-19.42048,-19.40677,-19.33905
383.5,-19.28962,-19.11733,-19.42458,-19.40107,-19.3434
383.6,-19.27005,-19.10719,-19.44706,-19.39948,-19.34118
383.7,-19.27322,-19.13026,-19.43592,-19.4058,-19.3406
383.8,-19.28331,-19.10839,-19.43391,-19.39096,-19.3403
383.9,-19.2875,-19.11448,-19.4141,-19.37277,-19.32734
384,-19.30786,-19.10989,-19.37253,-19.39215,-19.3245
384.1,-19.30779,-19.12588,-19.34617,-19.41112,-19.34868
384.2,-19.30777,-19.1272,-19.43892,-19.39597,-19.33196
384.3,-19.28916,-19.13131,-19.47145,-19.37582,-19.32952
384.4,-19.30109,-19.12722,-19.47623,-19.38577,-19.34021
384.5,-19.32164,-19.1456,-19.44619,-19.40029,-19.33462
384.6,-19.32159,-19.13242,-19.46812,-19.39865,-19.32642
384.7,-19.2949,-19.13846,-19.48735,-19.39231,-19.32324
384.8,-19.28871,-19.13634,-19.48371,-19.39972,-19.31159
384.9,-19.28872,-19.13772,-19.4593,-19.4143,-19.31465
385,-19.26905,-19.13493,-19.46048,-19.40753,-19.3171
385.1,-19.26591,-19.16826,-19.4584,-19.40359,-19.32618
385.2,-19.26827,-19.17352,-19.4555,-19.41095,-19.3104
385.3,-19.2562,-19.16066,-19.45774,-19.42149,-19.32218
385.4,-19.2759,-19.16486,-19.44325,-19.40274,-19.33748
385.5,-19.26592,-19.19393,-19.44535,-19.39888,-19.34502
385.6,-19.28137,-19.18476,-19.45055,-19.38879,-19.36704
385.7,-19.29836,-19.18281,-19.4847,-19.39254,-19.37483
385.8,-19.27103,-19.17637,-19.4929,-19.402,-19.38
385.9,-19.27329,-19.16798,-19.47792,-19.42228,-19.38241
386,-19.27309,-19.15163,-19.48183,-19.42633,-19.38325
386.1,-19.2731,-19.15945,-19.47823,-19.43411,-19.39599
386.2,-19.29098,-19.17186,-19.46062,-19.44135,-19.37774
386.3,-19.29383,-19.1748,-19.45696,-19.42459,-19.3707
386.4,-19.3036,-19.19924,-19.46883,-19.41975,-19.3792
386.5,-19.28167,-19.18952,-19.47353,-19.43305,-19.38624
386.6,-19.28382,-19.18932,-19.47916,-19.42987,-19.39117
386.7,-19.29447,-19.18026,-19.47404,-19.41877,-19.36061
386.8,-19.27254,-19.18569,-19.47743,-19.43211,-19.34475
386.9,-19.27766,-19.18315,-19.49926,-19.4337,-19.35456
387,-19.29551,-19.16961,-19.52026,-19.40947,-19.36997
387.1,-19.29468,-19.19613,-19.51194,-19.42689,-19.34383
387.2,-19.30627,-19.2044,-19.52878,-19.40681,-19.35641
387.3,-19.304,-19.21463,-19.52125,-19.39786,-19.35707
387.4,-19.31543,-19.23663,-19.52383,-19.37624,-19.35749
387.5,-19.32714,-19.25553,-19.51341,-19.38701,-19.35928
387.6,-19.34545,-19.24738,-19.49398,-19.38156,-19.36507
387.7,-19.35268,-19.25654,-19.46885,-19.37457,-19.38102
387.8,-19.38606,-19.25611,-19.45736,-19.38465,-19.37769
387.9,-19.38213,-19.24406,-19.45444,-19.39499,-19.3952
388,-19.378,-19.23517,-19.42038,-19.38413,-19.40937
388.1,-19.35497,-19.23988,-19.4219,-19.38365,-19.3991
388.2,-19.35435,-19.22411,-19.42375,-19.40874,-19.40494
388.3,-19.32775,-19.22878,-19.44323,-19.38497,-19.37749
388.4,-19.35018,-19.22532,-19.42552,-19.36405,-19.36832
388.5,-19.34175,-19.23351,-19.41476,-19.36464,-19.36954
388.6,-19.32044,-19.24649,-19.3966,-19.38131,-19.37946
388.7,-19.3157,-19.2391,-19.39082,-19.39571,-19.4034
388.8,-19.29441,-19.23891,-19.39277,-19.39666,-19.41584
388.9,-19.29417,-19.24715,-19.39255,-19.38639,-19.40794
389,-19.31802,-19.26212,-19.3973,-19.37606,-19.39242
389.1,-19.29731,-19.28372,-19.3926,-19.35637,-19.37959
389.2,-19.3054,-19.28791,-19.37103,-19.36951,-19.41152
389.3,-19.30044,-19.2851,-19.36287,-19.3828,-19.4139
389.4,-19.29844,-19.31451,-19.34731,-19.38429,-19.40737
389.5,-19.29863,-19.3141,-19.37828,-19.39097,-19.38732
389.6,-19.29251,-19.30455,-19.37378,-19.39714,-19.39764
389.7,-19.29316,-19.31131,-19.36321,-19.40602,-19.41278
389.8,-19.29569,-19.28453,-19.3895,-19.42735,-19.4079
389.9,-19.30797,-19.28118,-19.38279,-19.41892,-19.40341
390,-19.3168,-19.27859,-19.36997,-19.43135,-19.40219
390.1,-19.33193,-19.26626,-19.37967,-19.42278,-19.40004
390.2,-19.33667,-19.25431,-19.36907,-19.4399,-19.39331
390.3,-19.3268,-19.25736,-19.37488,-19.43979,-19.39191
390.4,-19.32065,-19.24675,-19.37783,-19.45469,-19.41234
390.5,-19.3246,-19.26279,-19.35427,-19.44053,-19.42392
390.6,-19.30066,-19.22033,-19.36732,-19.43556,-19.44552
390.7,-19.28856,-19.2261,-19.37615,-19.43719,-19.45144
390.8,-19.2948,-19.23734,-19.41243,-19.44878,-19.44042
390.9,-19.28978,-19.23262,-19.40426,-19.44864,-19.44289
391,-19.30608,-19.23272,-19.42534,-19.44568,-19.42815
391.1,-19.30119,-19.23842,-19.43437,-19.40316,-19.42317
391.2,-19.32446,-19.25392,-19.44733,-19.43159,-19.40221
391.3,-19.32075,-19.24678,-19.45266,-19.41427,-19.39721
391.4,-19.30723,-19.23331,-19.45065,-19.39775,-19.40339
391.5,-19.32968,-19.25463,-19.44028,-19.40073,-19.42874
391.6,-19.3142,-19.25599,-19.44377,-19.39963,-19.40304
391.7,-19.30565,-19.27214,-19.43837,-19.38608,-19.42846
391.8,-19.29356,-19.28822,-19.44303,-19.39358,-19.43862
391.9,-19.29041,-19.2827,-19.45005,-19.38888,-19.41873
392,-19.28243,-19.27911,-19.47396,-19.38569,-19.418
392.1,-19.26898,-19.26635,-19.48932,-19.36435,-19.43172
392.2,-19.27915,-19.24485,-19.48084,-19.37846,-19.42354
392.3,-19.26369,-19.23239,-19.47734,-19.37376,-19.40587
392.4,-19.24947,-19.19633,-19.46711,-19.36875,-19.42588
392.5,-19.26536,-19.27887,-19.48108,-19.37852,-19.42612
392.6,-19.26562,-19.28858,-19.46366,-19.38446,-19.43582
392.7,-19.26372,-19.2699,-19.4505,-19.37685,-19.41078
392.8,-19.25423,-19.27999,-19.44477,-19.39699,-19.41713
392.9,-19.26207,-19.28658,-19.46353,-19.40499,-19.42105
393,-19.26859,-19.29214,-19.45173,-19.39687,-19.42015
393.1,-19.28954,-19.26642,-19.45798,-19.40455,-19.40424
393.2,-19.30921,-19.26608,-19.48578,-19.39803,-19.42224
393.3,-19.31059,-19.26177,-19.47628,-19.40339,-19.42751
393.4,-19.31803,-19.27767,-19.47052,-19.39818,-19.44083
393.5,-19.3409,-19.29485,-19.44376,-19.40672,-19.44123
393.6,-19.33271,-19.2776,-19.45335,-19.41166,-19.46533
393.7,-19.32055,-19.26509,-19.46813,-19.40208,-19.44417
393.8,-19.33214,-19.27687,-19.46942,-19.4046,-19.42781
393.9,-19.31235,-19.30969,-19.48623,-19.38651,-19.42256
394,-19.32132,-19.29927,-19.47996,-19.39778,-19.41472
394.1,-19.31752,-19.29414,-19.4775,-19.39651,-19.41355
394.2,-19.34344,-19.29299,-19.47077,-19.40152,-19.40668
394.3,-19.32707,-19.28474,-19.47225,-19.43128,-19.40605
394.4,-19.36211,-19.31528,-19.48689,-19.40936,-19.4
394.5,-19.3343,-19.30664,-19.47089,-19.40735,-19.39617
394.6,-19.34237,-19.3133,-19.47678,-19.40313,-19.4065
394.7,-19.33621,-19.31173,-19.46799,-19.3927,-19.39938
394.8,-19.34392,-19.29768,-19.46999,-19.40007,-19.37998
394.9,-19.35044,-19.28267,-19.44941,-19.40029,-19.36075
395,-19.36216,-19.29439,-19.45792,-19.41881,-19.35491
395.1,-19.36657,-19.28986,-19.45936,-19.39712,-19.32906
395.2,-19.3726,-19.2833,-19.48938,-19.39837,-19.344
395.3,-19.36486,-19.28366,-19.47906,-19.38551,-19.37521
395.4,-19.38843,-19.27873,-19.48738,-19.39528,-19.38949
395.5,-19.37548,-19.28684,-19.51436,-19.40485,-19.39539
395.6,-19.36768,-19.29754,-19.51084,-19.38711,-19.39452
395.7,-19.35248,-19.30077,-19.53049,-19.38863,-19.38186
395.8,-19.36216,-19.29404,-19.53455,-19.39745,-19.3826
395.9,-19.35456,-19.31741,-19.53443,-19.39797,-19.36592
396,-19.36549,-19.31613,-19.53286,-19.38605,-19.35002
396.1,-19.37291,-19.30815,-19.53919,-19.36898,-19.34061
396.2,-19.37907,-19.30191,-19.5266,-19.37228,-19.32908
396.3,-19.40075,-19.28172,-19.53443,-19.35089,-19.33329
396.4,-19.41004,-19.27042,-19.51848,-19.32293,-19.33197
396.5,-19.40177,-19.25991,-19.52431,-19.32038,-19.32284
396.6,-19.41524,-19.26665,-19.53097,-19.33058,-19.29854
396.7,-19.42883,-19.24489,-19.53957,-19.33135,-19.31865
396.8,-19.44098,-19.2619,-19.5431,-19.31563,-19.35413
396.9,-19.43421,-19.26381,-19.56732,-19.32301,-19.36618
397,-19.42112,-19.25955,-19.56141,-19.30988,-19.38351
397.1,-19.39054,-19.26807,-19.57823,-19.2994,-19.39965
397.2,-19.42142,-19.25039,-19.56477,-19.28776,-19.42421
397.3,-19.42877,-19.23549,-19.57436,-19.28814,-19.4238
397.4,-19.44449,-19.23564,-19.59466,-19.29464,-19.41297
397.5,-19.45549,-19.23735,-19.59297,-19.29718,-19.40832
397.6,-19.45277,-19.25102,-19.55556,-19.30392,-19.39038
397.7,-19.45832,-19.24478,-19.57041,-19.3102,-19.38527
397.8,-19.45287,-19.22401,-19.56,-19.29229,-19.39435
397.9,-19.43585,-19.23755,-19.52811,-19.27939,-19.37989
398,-19.43002,-19.23512,-19.5363,-19.28342,-19.37925
398.1,-19.42786,-19.22524,-19.52139,-19.29643,-19.37957
398.2,-19.41614,-19.24304,-19.52322,-19.28552,-19.37284
398.3,-19.41958,-19.23403,-19.51262,-19.28859,-19.38413
398.4,-19.39909,-19.24439,-19.50121,-19.27664,-19.37445
398.5,-19.38084,-19.23126,-19.50514,-19.29674,-19.37105
398.6,-19.37539,-19.24793,-19.49342,-19.30339,-19.37519
398.7,-19.37639,-19.27044,-19.49494,-19.3209,-19.38198
398.8,-19.37876,-19.25243,-19.50556,-19.32986,-19.37746
398.9,-19.38454,-19.25215,-19.51471,-19.34266,-19.38164
399,-19.40023,-19.24554,-19.52694,-19.36651,-19.35547
399.1,-19.41816,-19.2301,-19.52733,-19.37163,-19.37013
399.2,-19.42436,-19.21425,-19.52472,-19.35971,-19.37863
399.3,-19.42803,-19.21767,-19.55132,-19.36902,-19.38995
399.4,-19.42663,-19.23871,-19.53308,-19.37671,-19.371
399.5,-19.42057,-19.24325,-19.51992,-19.37566,-19.35366
399.6,-19.41214,-19.25721,-19.50635,-19.38792,-19.35715
399.7,-19.42922,-19.24107,-19.50374,-19.38503,-19.35215
399.8,-19.40848,-19.23963,-19.49464,-19.40766,-19.3472
399.9,-19.40607,-19.23108,-19.49187,-19.41258,-19.33827
400,-19.42768,-19.19868,-19.48167,-19.40676,-19.34086
400.1,-19.43274,-19.19373,-19.48925,-19.41501,-19.35848
400.2,-19.4262,-19.19581,-19.49052,-19.39534,-19.35451
400.3,-19.40576,-19.17782,-19.4935,-19.3968,-19.36064
400.4,-19.41201,-19.16517,-19.49621,-19.4088,-19.3474
400.5,-19.39237,-19.17228,-19.48471,-19.39289,-19.31031
400.6,-19.39339,-19.19801,-19.48569,-19.40934,-19.30105
400.7,-19.39461,-19.1868,-19.49406,-19.40073,-19.27511
400.8,-19.3902,-19.17568,-19.49376,-19.38625,-19.25794
400.9,-19.3761,-19.2062,-19.4697,-19.37996,-19.25906
401,-19.38368,-19.18987,-19.46338,-19.36953,-19.28017
401.1,-19.41016,-19.18711,-19.45138,-19.37801,-19.28882
401.2,-19.41961,-19.17072,-19.45203,-19.40656,-19.29186
401.3,-19.43102,-19.1804,-19.45279,-19.40897,-19.28934
401.4,-19.45273,-19.16401,-19.4467,-19.43115,-19.27136
401.5,-19.45599,-19.16987,-19.44787,-19.38947,-19.28934
401.6,-19.47777,-19.17225,-19.45291,-19.38223,-19.28417
401.7,-19.48557,-19.14151,-19.43754,-19.38992,-19.27268
401.8,-19.47938,-19.13651,-19.40829,-19.36714,-19.27332
401.9,-19.47075,-19.14391,-19.41382,-19.3298,-19.27534
402,-19.46105,-19.1421,-19.41644,-19.35275,-19.25126
402.1,-19.46374,-19.15273,-19.42221,-19.36193,-19.24233
402.2,-19.4614,-19.17676,-19.41846,-19.37802,-19.23418
402.3,-19.42742,-19.19351,-19.4234,-19.35722,-19.23222
402.4,-19.40477,-19.19699,-19.42635,-19.34421,-19.23621
402.5,-19.40262,-19.19841,-19.4369,-19.349,-19.23219
402.6,-19.42035,-19.23469,-19.43851,-19.34031,-19.20421
402.7,-19.44673,-19.24307,-19.44436,-19.35098,-19.33791
402.8,-19.42425,-19.23416,-19.43244,-19.34376,-19.32947
402.9,-19.43463,-19.22604,-19.43206,-19.34426,-19.33742
403,-19.42732,-19.21175,-19.43418,-19.33929,-19.33386
403.1,-19.39987,-19.21971,-19.43037,-19.33631,-19.33763
403.2,-19.3984,-19.23077,-19.4239,-19.33742,-19.3348
403.3,-19.381,-19.23539,-19.42335,-19.34375,-19.33474
403.4,-19.39452,-19.22698,-19.41593,-19.32912,-19.32154
403.5,-19.39315,-19.21348,-19.41482,-19.31612,-19.31668
403.6,-19.37539,-19.203,-19.43001,-19.32372,-19.31971
403.7,-19.3861,-19.17797,-19.41891,-19.35691,-19.35544
403.8,-19.38313,-19.17363,-19.38333,-19.3348,-19.35404
403.9,-19.37926,-19.1762,-19.39209,-19.34269,-19.36303
404,-19.39722,-19.21807,-19.38896,-19.36068,-19.3684
404.1,-19.40638,-19.2126,-19.39491,-19.35446,-19.36074
404.2,-19.41838,-19.22454,-19.38876,-19.36547,-19.37791
404.3,-19.40311,-19.20829,-19.40979,-19.35062,-19.37424
404.4,-19.392,-19.21244,-19.42612,-19.34178,-19.36281
404.5,-19.37845,-19.21327,-19.42176,-19.35457,-19.3584
404.6,-19.39332,-19.20794,-19.41534,-19.35259,-19.35158
404.7,-19.39591,-19.23754,-19.42068,-19.35241,-19.34895
404.8,-19.39201,-19.23692,-19.45281,-19.34525,-19.32622
404.9,-19.39055,-19.24118,-19.44464,-19.36167,-19.33871
405,-19.38721,-19.24483,-19.43222,-19.34189,-19.35297
405.1,-19.411,-19.25855,-19.44192,-19.36337,-19.34927
405.2,-19.42352,-19.25173,-19.42508,-19.36676,-19.35205
405.3,-19.42327,-19.27503,-19.41581,-19.35038,-19.33225
405.4,-19.43067,-19.27215,-19.41851,-19.35584,-19.36492
405.5,-19.44839,-19.27224,-19.42354,-19.38693,-19.3702
405.6,-19.43248,-19.2822,-19.41919,-19.40428,-19.3619
405.7,-19.41087,-19.2545,-19.40047,-19.39912,-19.3522
405.8,-19.39847,-19.2435,-19.41303,-19.39614,-19.35613
405.9,-19.40694,-19.24376,-19.40822,-19.38868,-19.33388
406,-19.42947,-19.24329,-19.4147,-19.41213,-19.33702
406.1,-19.44842,-19.24276,-19.42065,-19.39072,-19.34591
406.2,-19.45755,-19.22368,-19.39998,-19.39232,-19.32471
406.3,-19.46058,-19.21136,-19.38325,-19.42051,-19.2899
406.4,-19.46892,-19.22354,-19.3588,-19.39523,-19.29853
406.5,-19.45284,-19.22257,-19.35878,-19.40466,-19.31667
406.6,-19.45635,-19.21736,-19.35389,-19.38847,-19.31984
406.7,-19.43293,-19.23452,-19.34677,-19.38301,-19.31713
406.8,-19.4388,-19.23968,-19.34464,-19.38362,-19.30964
406.9,-19.43688,-19.24069,-19.33684,-19.37022,-19.31852
407,-19.42362,-19.23715,-19.33468,-19.36777,-19.30396
407.1,-19.3993,-19.23233,-19.34176,-19.35773,-19.29134
407.2,-19.40954,-19.22171,-19.35473,-19.35361,-19.28168
407.3,-19.41869,-19.18614,-19.34882,-19.3694,-19.29099
407.4,-19.42036,-19.19813,-19.35793,-19.36493,-19.29836
407.5,-19.4151,-19.19735,-19.37065,-19.35021,-19.29286
407.6,-19.39795,-19.18122,-19.36383,-19.34424,-19.29299
407.7,-19.39048,-19.16704,-19.3549,-19.33747,-19.3017
407.8,-19.38922,-19.17869,-19.3644,-19.31862,-19.26214
407.9,-19.37968,-19.18006,-19.35188,-19.31462,-19.26961
408,-19.38732,-19.18798,-19.35081,-19.32048,-19.26001
408.1,-19.38709,-19.16661,-19.34981,-19.33901,-19.26866
408.2,-19.39633,-19.16565,-19.32529,-19.35358,-19.27752
408.3,-19.38435,-19.17387,-19.4326,-19.33766,-19.25841
408.4,-19.38524,-19.1692,-19.41736,-19.32701,-19.28161
408.5,-19.37621,-19.14908,-19.42936,-19.31176,-19.28492
408.6,-19.39472,-19.14813,-19.43118,-19.28734,-19.27459
408.7,-19.38549,-19.12937,-19.44672,-19.26179,-19.26506
408.8,-19.36717,-19.10977,-19.45055,-19.26745,-19.28228
408.9,-19.35795,-19.13031,-19.42942,-19.25651,-19.27469
409,-19.36764,-19.14288,-19.42662,-19.26104,-19.24824
409.1,-19.36505,-19.13621,-19.4506,-19.30455,-19.24886
409.2,-19.36439,-19.13636,-19.46554,-19.33111,-19.25061
409.3,-19.37082,-19.14377,-19.46236,-19.31662,-19.24981
409.4,-19.38587,-19.16953,-19.44912,-19.30065,-19.24605
409.5,-19.3962,-19.16703,-19.45258,-19.29409,-19.23299
409.6,-19.41821,-19.14555,-19.44922,-19.30055,-19.21722
409.7,-19.41982,-19.24688,-19.4353,-19.30482,-19.21987
409.8,-19.41891,-19.26054,-19.41935,-19.31572,-19.23333
409.9,-19.42076,-19.27206,-19.42531,-19.32567,-19.24181
410,-19.39592,-19.26913,-19.398,-19.29694,-19.22517
410.1,-19.42644,-19.28349,-19.3889,-19.30724,-19.22274
410.2,-19.44043,-19.28017,-19.38879,-19.30748,-19.24598
410.3,-19.45058,-19.26897,-19.39124,-19.30752,-19.25597
410.4,-19.44503,-19.27346,-19.39794,-19.29595,-19.27967
410.5,-19.44673,-19.27805,-19.42114,-19.31623,-19.28661
410.6,-19.43483,-19.28259,-19.41117,-19.31894,-19.27291
410.7,-19.42376,-19.29326,-19.40396,-19.32502,-19.25714
410.8,-19.41126,-19.26797,-19.39418,-19.32294,-19.23185
410.9,-19.39831,-19.24234,-19.39245,-19.32131,-19.24312
411,-19.38433,-19.24624,-19.38426,-19.31075,-19.24141
411.1,-19.37857,-19.2346,-19.38724,-19.28753,-19.23974
411.2,-19.38111,-19.27315,-19.39376,-19.29885,-19.26148
411.3,-19.38034,-19.26208,-19.38905,-19.29363,-19.27919
411.4,-19.41014,-19.26129,-19.3991,-19.30636,-19.266
411.5,-19.41914,-19.24205,-19.40409,-19.28509,-19.27323
411.6,-19.41839,-19.23113,-19.41441,-19.29434,-19.28489
411.7,-19.40396,-19.24423,-19.38412,-19.32376,-19.30662
411.8,-19.41217,-19.25762,-19.38996,-19.31478,-19.28375
411.9,-19.41464,-19.29368,-19.367,-19.31116,-19.25029
412,-19.41083,-19.29577,-19.35494,-19.31224,-19.25153
412.1,-19.41155,-19.27875,-19.33412,-19.32251,-19.26376
412.2,-19.40755,-19.28265,-19.33141,-19.31872,-19.27602
412.3,-19.39123,-19.27109,-19.34106,-19.31792,-19.26151
412.4,-19.40797,-19.27949,-19.3189,-19.33976,-19.23662
412.5,-19.40676,-19.29026,-19.32089,-19.345,-19.22061
412.6,-19.40772,-19.2973,-19.34589,-19.35224,-19.20532
412.7,-19.38207,-19.29242,-19.33763,-19.35169,-19.21588
412.8,-19.39126,-19.30467,-19.34379,-19.33609,-19.21454
412.9,-19.40796,-19.28319,-19.32266,-19.33529,-19.22093
413,-19.39601,-19.28808,-19.3228,-19.34206,-19.23611
413.1,-19.38346,-19.28382,-19.34756,-19.30667,-19.22654
413.2,-19.4011,-19.30559,-19.32636,-19.30888,-19.22693
413.3,-19.38761,-19.3099,-19.33882,-19.32185,-19.20397
413.4,-19.3581,-19.32363,-19.34675,-19.30278,-19.20525
413.5,-19.34021,-19.33076,-19.35117,-19.30911,-19.21924
413.6,-19.33459,-19.3578,-19.35504,-19.28011,-19.21454
413.7,-19.33635,-19.3719,-19.35257,-19.28367,-19.21513
413.8,-19.35302,-19.37273,-19.35597,-19.28015,-19.20427
413.9,-19.37224,-19.36585,-19.33352,-19.27789,-19.21787
414,-19.354,-19.39658,-19.31431,-19.27112,-19.22518
414.1,-19.34878,-19.39723,-19.30273,-19.2836,-19.21555
414.2,-19.34784,-19.38322,-19.3163,-19.30114,-19.18959
414.3,-19.34562,-19.35263,-19.32483,-19.30444,-19.20739
414.4,-19.3027,-19.35261,-19.325,-19.30747,-19.19715
414.5,-19.29629,-19.36896,-19.32173,-19.30208,-19.21248
414.6,-19.29689,-19.39073,-19.31708,-19.30403,-19.21318
414.7,-19.30824,-19.38374,-19.31269,-19.31674,-19.2243
414.8,-19.33192,-19.35793,-19.32214,-19.35096,-19.23534
414.9,-19.34474,-19.32442,-19.31276,-19.33389,-19.23833
415,-19.34625,-19.33709,-19.30478,-19.32952,-19.24356
415.1,-19.36725,-19.34301,-19.28985,-19.32671,-19.23851
415.2,-19.3657,-19.3211,-19.30294,-19.32705,-19.22582
415.3,-19.35599,-19.31297,-19.29918,-19.32364,-19.20888
415.4,-19.35152,-19.32418,-19.30553,-19.32716,-19.3016
415.5,-19.36985,-19.32531,-19.30716,-19.32686,-19.29716
415.6,-19.37078,-19.3344,-19.32086,-19.32905,-19.29367
415.7,-19.3667,-19.34002,-19.30579,-19.33508,-19.29037
415.8,-19.37202,-19.34549,-19.30677,-19.33636,-19.30767
415.9,-19.37903,-19.32384,-19.31199,-19.34661,-19.29176
416,-19.39022,-19.34515,-19.30215,-19.35312,-19.28261
416.1,-19.39216,-19.3282,-19.30258,-19.33781,-19.27881
416.2,-19.3904,-19.35312,-19.28905,-19.33591,-19.29243
416.3,-19.40369,-19.3526,-19.30136,-19.33151,-19.29202
416.4,-19.4147,-19.35934,-19.30471,-19.32582,-19.28894
416.5,-19.42929,-19.35371,-19.30279,-19.31025,-19.29151
416.6,-19.44157,-19.35955,-19.31659,-19.30184,-19.27818
416.7,-19.43599,-19.36906,-19.31981,-19.31676,-19.28951
416.8,-19.43293,-19.37419,-19.33516,-19.32863,-19.28448
416.9,-19.44193,-19.36985,-19.33344,-19.34196,-19.28475
417,-19.44619,-19.35854,-19.34092,-19.35319,-19.28917
417.1,-19.4476,-19.36022,-19.33537,-19.35817,-19.28395
417.2,-19.44197,-19.34842,-19.36567,-19.34502,-19.26706
417.3,-19.43215,-19.35656,-19.36583,-19.36555,-19.28281
417.4,-19.39439,-19.36,-19.36567,-19.36741,-19.27284
417.5,-19.38549,-19.35817,-19.3581,-19.35278,-19.26613
417.6,-19.38437,-19.36631,-19.35411,-19.36921,-19.26056
417.7,-19.36087,-19.38347,-19.33389,-19.37432,-19.24114
417.8,-19.34081,-19.38213,-19.33216,-19.34508,-19.232
417.9,-19.33843,-19.40048,-19.33937,-19.34985,-19.23632
418,-19.35007,-19.42046,-19.35386,-19.31991,-19.21742
418.1,-19.35892,-19.41005,-19.34162,-19.31175,-19.2231
418.2,-19.38457,-19.40951,-19.32159,-19.30599,-19.21437
418.3,-19.38455,-19.43804,-19.30407,-19.30312,-19.2015
418.4,-19.38079,-19.47219,-19.29521,-19.30362,-19.19208
418.5,-19.37393,-19.48713,-19.29057,-19.31183,-19.18654
418.6,-19.38933,-19.46315,-19.30438,-19.30428,-19.20048
418.7,-19.39203,-19.44744,-19.29026,-19.30684,-19.2044
418.8,-19.36286,-19.45643,-19.25716,-19.30601,-19.21018
418.9,-19.37505,-19.47518,-19.253,-19.31992,-19.21192
419,-19.37883,-19.46434,-19.26368,-19.31414,-19.2044
419.1,-19.38314,-19.46034,-19.26271,-19.32506,-19.22173
419.2,-19.3725,-19.45163,-19.28131,-19.31087,-19.18714
419.3,-19.35325,-19.47921,-19.28416,-19.32708,-19.19344
419.4,-19.34279,-19.47638,-19.28367,-19.32456,-19.18847
419.5,-19.34839,-19.49351,-19.28863,-19.31742,-19.19756
419.6,-19.37491,-19.49013,-19.26426,-19.31677,-19.20039
419.7,-19.36718,-19.50296,-19.26644,-19.28849,-19.19373
419.8,-19.35139,-19.49433,-19.27628,-19.28207,-19.18841
419.9,-19.36856,-19.48019,-19.24874,-19.28581,-19.1893
420,-19.36115,-19.48303,-19.24008,-19.28282,-19.16433
420.1,-19.37078,-19.44924,-19.23017,-19.2756,-19.16714
420.2,-19.38509,-19.4395,-19.23706,-19.28821,-19.17027
420.3,-19.38613,-19.57654,-19.24595,-19.27718,-19.16155
420.4,-19.40129,-19.58634,-19.24407,-19.26305,-19.1328
420.5,-19.39491,-19.56673,-19.25503,-19.2584,-19.0989
420.6,-19.38478,-19.58039,-19.24242,-19.23748,-19.07817
420.7,-19.38774,-19.55337,-19.22828,-19.23075,-19.03363
420.8,-19.37538,-19.55425,-19.2387,-19.22752,-19.15545
420.9,-19.3927,-19.56246,-19.24714,-19.2162,-19.17114
421,-19.38872,-19.58619,-19.24965,-19.24925,-19.18355
421.1,-19.38793,-19.6001,-19.22846,-19.25634,-19.17466
421.2,-19.37718,-19.59931,-19.23654,-19.24284,-19.17173
421.3,-19.3879,-19.60286,-19.24846,-19.24696,-19.17604
421.4,-19.39799,-19.62074,-19.25448,-19.24436,-19.16444
421.5,-19.40091,-19.63021,-19.2498,-19.25655,-19.166
421.6,-19.37923,-19.61232,-19.27069,-19.26294,-19.15314
421.7,-19.38073,-19.60519,-19.26973,-19.26967,-19.16498
421.8,-19.37222,-19.61154,-19.25343,-19.26884,-19.15907
421.9,-19.37117,-19.59263,-19.22492,-19.26666,-19.1533
422,-19.3754,-19.63566,-19.23151,-19.27228,-19.17154
422.1,-19.36224,-19.63079,-19.23282,-19.29083,-19.16753
422.2,-19.37329,-19.62047,-19.22777,-19.29228,-19.18911
422.3,-19.35965,-19.62645,-19.24995,-19.29054,-19.17495
422.4,-19.3668,-19.6143,-19.26158,-19.30635,-19.1836
422.5,-19.35397,-19.62309,-19.23609,-19.31443,-19.17813
422.6,-19.33684,-19.61965,-19.22557,-19.33942,-19.17251
422.7,-19.35472,-19.61187,-19.23813,-19.34442,-19.17655
422.8,-19.35084,-19.59465,-19.23827,-19.31452,-19.1628
422.9,-19.36159,-19.57351,-19.24071,-19.29841,-19.1328
423,-19.34266,-19.55726,-19.24058,-19.29219,-19.12815
423.1,-19.33807,-19.56952,-19.21967,-19.2678,-19.11359
423.2,-19.3332,-19.54897,-19.25088,-19.27821,-19.11557
423.3,-19.32521,-19.54637,-19.24765,-19.28514,-19.14059
423.4,-19.31965,-19.5486,-19.25227,-19.28857,-19.13204
423.5,-19.30029,-19.54589,-19.25028,-19.2746,-19.14578
423.6,-19.2807,-19.53568,-19.24241,-19.28069,-19.1537
423.7,-19.27155,-19.53971,-19.22878,-19.30273,-19.16591
423.8,-19.2382,-19.53621,-19.22117,-19.29387,-19.16721
423.9,-19.24313,-19.55439,-19.22808,-19.3147,-19.16106
424,-19.259,-19.55581,-19.20349,-19.33413,-19.17964
424.1,-19.29042,-19.55908,-19.20619,-19.31876,-19.16679
424.2,-19.32606,-19.57409,-19.22293,-19.3298,-19.15145
424.3,-19.31536,-19.6006,-19.24064,-19.31861,-19.13945
424.4,-19.30027,-19.61506,-19.23991,-19.30213,-19.13607
424.5,-19.30161,-19.61612,-19.21985,-19.30551,-19.12252
424.6,-19.30304,-19.60689,-19.22992,-19.27212,-19.106
424.7,-19.29722,-19.60051,-19.23779,-19.28154,-19.11849
424.8,-19.3076,-19.59936,-19.2327,-19.29074,-19.09554
424.9,-19.31199,-19.61047,-19.24703,-19.28875,-19.09178
425,-19.29304,-19.59498,-19.24814,-19.27168,-19.09348
425.1,-19.29683,-19.59271,-19.26482,-19.26179,-19.08604
425.2,-19.29498,-19.58274,-19.25293,-19.25771,-19.1004
425.3,-19.2969,-19.57768,-19.26169,-19.27211,-19.10897
425.4,-19.31279,-19.58645,-19.25437,-19.25453,-19.11005
425.5,-19.27846,-19.58064,-19.24238,-19.24179,-19.10743
425.6,-19.2759,-19.56785,-19.25836,-19.25008,-19.13554
425.7,-19.27278,-19.57718,-19.27458,-19.25113,-19.13786
425.8,-19.28273,-19.58676,-19.26516,-19.26943,-19.12374
425.9,-19.29025,-19.57589,-19.2724,-19.26075,-19.11842
426,-19.30686,-19.5623,-19.25761,-19.26714,-19.13027
426.1,-19.32208,-19.56011,-19.24649,-19.24595,-19.12228
426.2,-19.33451,-19.57362,-19.26367,-19.22695,-19.11955
426.3,-19.33967,-19.57304,-19.28777,-19.21329,-19.08998
426.4,-19.35214,-19.56843,-19.2768,-19.2045,-19.08946
426.5,-19.31354,-19.57367,-19.28619,-19.22343,-19.03925
426.6,-19.31219,-19.57073,-19.28051,-19.23157,-19.02409
426.7,-19.29868,-19.58068,-19.30925,-19.26598,-19.13622
426.8,-19.28742,-19.58467,-19.31083,-19.25941,-19.12438
426.9,-19.27904,-19.58971,-19.31939,-19.26029,-19.12064
427,-19.28733,-19.58569,-19.29108,-19.2468,-19.14086
427.1,-19.31484,-19.60837,-19.27432,-19.26551,-19.12707
427.2,-19.32755,-19.60735,-19.27809,-19.25411,-19.14194
427.3,-19.34634,-19.62043,-19.27775,-19.24518,-19.12821
427.4,-19.35296,-19.60974,-19.26945,-19.26202,-19.12875
427.5,-19.34833,-19.60558,-19.26995,-19.26439,-19.1439
427.6,-19.33489,-19.59045,-19.2769,-19.25867,-19.14714
427.7,-19.34841,-19.59273,-19.31006,-19.2731,-19.14583
427.8,-19.33991,-19.58566,-19.29215,-19.25876,-19.15629
427.9,-19.3391,-19.59202,-19.30986,-19.25484,-19.15547
428,-19.34722,-19.59566,-19.30366,-19.24274,-19.17243
428.1,-19.35439,-19.60163,-19.30634,-19.20878,-19.17735
428.2,-19.38853,-19.57555,-19.29507,-19.21062,-19.18427
428.3,-19.40859,-19.56201,-19.28414,-19.22095,-19.17183
428.4,-19.41591,-19.57205,-19.25411,-19.21892,-19.17744
428.5,-19.39898,-19.58538,-19.2667,-19.23357,-19.18233
428.6,-19.3911,-19.57265,-19.26367,-19.22306,-19.15595
428.7,-19.37675,-19.54868,-19.27189,-19.23185,-19.16001
428.8,-19.39317,-19.53245,-19.24021,-19.23891,-19.1671
428.9,-19.40209,-19.53073,-19.25397,-19.22996,-19.16981
429,-19.40549,-19.53623,-19.24644,-19.23832,-19.16829
429.1,-19.41589,-19.55779,-19.24833,-19.21955,-19.16537
429.2,-19.40796,-19.56592,-19.25329,-19.23196,-19.1721
429.3,-19.40555,-19.58785,-19.23039,-19.22552,-19.1463
429.4,-19.42354,-19.58092,-19.21411,-19.24743,-19.17053
429.5,-19.40152,-19.58523,-19.24696,-19.23964,-19.14828
429.6,-19.41055,-19.56097,-19.27893,-19.24848,-19.13713
429.7,-19.394,-19.5227,-19.2921,-19.24741,-19.11863
429.8,-19.39292,-19.51388,-19.28739,-19.23267,-19.11727
429.9,-19.36183,-19.53396,-19.28036,-19.26788,-19.09053
430,-19.36583,-19.52587,-19.27721,-19.26531,-19.08061
430.1,-19.34622,-19.53952,-19.29754,-19.27145,-19.03105
430.2,-19.34834,-19.54398,-19.30213,-19.27058,-19.12134
430.3,-19.33433,-19.57742,-19.31233,-19.24172,-19.13754
430.4,-19.33622,-19.59335,-19.31976,-19.23115,-19.11591
430.5,-19.3514,-19.59108,-19.31055,-19.24091,-19.13184
430.6,-19.36809,-19.56888,-19.29739,-19.20748,-19.1426
430.7,-19.37152,-19.59119,-19.27903,-19.19749,-19.15532
430.8,-19.36099,-19.58567,-19.28563,-19.2217,-19.12652
430.9,-19.3521,-19.5851,-19.28886,-19.2099,-19.11522
431,-19.36448,-19.56797,-19.26396,-19.23021,-19.12653
431.1,-19.37421,-19.55983,-19.25455,-19.24091,-19.11769
431.2,-19.3726,-19.55329,-19.26018,-19.24918,-19.10789
431.3,-19.3837,-19.54664,-19.24481,-19.26193,-19.10459
431.4,-19.39288,-19.54628,-19.24093,-19.23554,-19.11109
431.5,-19.39528,-19.55315,-19.22403,-19.21956,-19.11167
431.6,-19.38896,-19.55683,-19.22032,-19.21037,-19.11213
431.7,-19.39251,-19.54333,-19.22633,-19.21943,-19.09147
431.8,-19.39316,-19.54231,-19.21063,-19.23091,-19.08344
431.9,-19.40042,-19.52965,-19.20059,-19.22624,-19.0765
432,-19.41219,-19.51142,-19.22507,-19.22727,-19.06709
432.1,-19.41456,-19.48405,-19.22654,-19.22259,-19.0566
432.2,-19.39793,-19.48933,-19.22162,-19.20649,-19.031
432.3,-19.38792,-19.50733,-19.21495,-19.2179,-19.00551
432.4,-19.37321,-19.51259,-19.18902,-19.20606,-19.11014
432.5,-19.37772,-19.52125,-19.20337,-19.21511,-19.09562
432.6,-19.36588,-19.5404,-19.21676,-19.22548,-19.09101
432.7,-19.37782,-19.5284,-19.22243,-19.23864,-19.10769
432.8,-19.37099,-19.50769,-19.21387,-19.24962,-19.09113
432.9,-19.35105,-19.49754,-19.21742,-19.24119,-19.07318
433,-19.36259,-19.48027,-19.21806,-19.24709,-19.08669
433.1,-19.34998,-19.47987,-19.21648,-19.25032,-19.07291
433.2,-19.33559,-19.49049,-19.21705,-19.2355,-19.07399
433.3,-19.35363,-19.47295,-19.21476,-19.24419,-19.04286
433.4,-19.35957,-19.4736,-19.19651,-19.25272,-19.13389
433.5,-19.3819,-19.466,-19.20511,-19.24287,-19.14193
433.6,-19.38454,-19.47037,-19.21973,-19.25341,-19.1221
433.7,-19.38866,-19.44917,-19.22047,-19.24719,-19.117
433.8,-19.39469,-19.48801,-19.2248,-19.24229,-19.11954
433.9,-19.3886,-19.50479,-19.21707,-19.25337,-19.12539
434,-19.39679,-19.5069,-19.20775,-19.26126,-19.14423
434.1,-19.38761,-19.4949,-19.20336,-19.26045,-19.16464
434.2,-19.39317,-19.4913,-19.21867,-19.23838,-19.15367
434.3,-19.40169,-19.48355,-19.22008,-19.24751,-19.16044
434.4,-19.40157,-19.4848,-19.21955,-19.23563,-19.15909
434.5,-19.39201,-19.47116,-19.20399,-19.22135,-19.15771
434.6,-19.38534,-19.47779,-19.20071,-19.21642,-19.1728
434.7,-19.38429,-19.4642,-19.19478,-19.21134,-19.17738
434.8,-19.39146,-19.45838,-19.20577,-19.21403,-19.17061
434.9,-19.39705,-19.48539,-19.22986,-19.20653,-19.15514
435,-19.39122,-19.49051,-19.21257,-19.20085,-19.15127
435.1,-19.37616,-19.48173,-19.18805,-19.18269,-19.1503
435.2,-19.35694,-19.48349,-19.16826,-19.16967,-19.14918
435.3,-19.34535,-19.49045,-19.15943,-19.17849,-19.13826
435.4,-19.35099,-19.48588,-19.15831,-19.17482,-19.13892
435.5,-19.36319,-19.46088,-19.14801,-19.16229,-19.13373
435.6,-19.39906,-19.44387,-19.17295,-19.18277,-19.1348
435.7,-19.41973,-19.41676,-19.17355,-19.19131,-19.1533
435.8,-19.42651,-19.43517,-19.17394,-19.19674,-19.15422
435.9,-19.39751,-19.44823,-19.15747,-19.18812,-19.17804
436,-19.37892,-19.44717,-19.16714,-19.18312,-19.18511
436.1,-19.38563,-19.45516,-19.17364,-19.19653,-19.19784
436.2,-19.41109,-19.44017,-19.16502,-19.19502,-19.20091
436.3,-19.38658,-19.43263,-19.17059,-19.18012,-19.21133
436.4,-19.37843,-19.42559,-19.15495,-19.18227,-19.21223
436.5,-19.37343,-19.44084,-19.1587,-19.16928,-19.2309
436.6,-19.34499,-19.44281,-19.16668,-19.17667,-19.21758
436.7,-19.34433,-19.45242,-19.18134,-19.18669,-19.22638
436.8,-19.33007,-19.46562,-19.18699,-19.20127,-19.21861
436.9,-19.34416,-19.47043,-19.1645,-19.19261,-19.19626
437,-19.35833,-19.47783,-19.18794,-19.18647,-19.19705
437.1,-19.36192,-19.4731,-19.18731,-19.18937,-19.18038
437.2,-19.3509,-19.4764,-19.20179,-19.19166,-19.2031
437.3,-19.35451,-19.49264,-19.19606,-19.19086,-19.17658
437.4,-19.33764,-19.48789,-19.17564,-19.20507,-19.15796
437.5,-19.32084,-19.46857,-19.1689,-19.20734,-19.15965
437.6,-19.33863,-19.46551,-19.17884,-19.24218,-19.17119
437.7,-19.35153,-19.46141,-19.19214,-19.22596,-19.1533
437.8,-19.34106,-19.45172,-19.18429,-19.223,-19.16661
437.9,-19.35702,-19.43708,-19.18264,-19.22954,-19.15179
438,-19.34648,-19.4287,-19.17352,-19.23319,-19.13744
438.1,-19.33943,-19.41825,-19.16938,-19.24053,-19.11156
438.2,-19.31293,-19.42431,-19.19219,-19.2502,-19.11944
438.3,-19.32525,-19.40722,-19.21247,-19.23153,-19.11269
438.4,-19.31951,-19.40582,-19.21446,-19.22802,-19.12492
438.5,-19.30407,-19.42102,-19.21161,-19.22296,-19.13924
438.6,-19.27018,-19.42657,-19.21845,-19.22892,-19.14194
438.7,-19.27744,-19.43003,-19.24008,-19.21595,-19.15661
438.8,-19.29146,-19.40809,-19.24152,-19.21938,-19.13805
438.9,-19.28582,-19.404,-19.23903,-19.22611,-19.1346
439,-19.28651,-19.38942,-19.2582,-19.21366,-19.13657
439.1,-19.2767,-19.39898,-19.24532,-19.22687,-19.12721
439.2,-19.27888,-19.4065,-19.26458,-19.25341,-19.12971
439.3,-19.25673,-19.40958,-19.24789,-19.26602,-19.14749
439.4,-19.25716,-19.41104,-19.24528,-19.25915,-19.1554
439.5,-19.27411,-19.41978,-19.24766,-19.25393,-19.16023
439.6,-19.27493,-19.40589,-19.26092,-19.24755,-19.1338
439.7,-19.27058,-19.4021,-19.22894,-19.25783,-19.12905
439.8,-19.2762,-19.38553,-19.22061,-19.27151,-19.11161
439.9,-19.28352,-19.38798,-19.2036,-19.28341,-19.08955
440,-19.27031,-19.38586,-19.17935,-19.27594,-19.05421
440.1,-19.28466,-19.40036,-19.20179,-19.26631,-19.19514
440.2,-19.27494,-19.40777,-19.19589,-19.251,-19.19141
440.3,-19.26431,-19.40569,-19.20288,-19.26118,-19.18529
440.4,-19.26615,-19.41665,-19.22373,-19.26742,-19.19882
440.5,-19.25947,-19.41084,-19.23658,-19.27128,-19.17282
440.6,-19.25883,-19.40477,-19.23565,-19.26146,-19.15655
440.7,-19.26085,-19.40646,-19.25502,-19.2562,-19.16886
440.8,-19.27433,-19.41796,-19.261,-19.23936,-19.14642
440.9,-19.26498,-19.43924,-19.27618,-19.33802,-19.1392
441,-19.26641,-19.44508,-19.27267,-19.33737,-19.14066
441.1,-19.27434,-19.43808,-19.26488,-19.32118,-19.13263
441.2,-19.27537,-19.43865,-19.26597,-19.31883,-19.12585
441.3,-19.25319,-19.42243,-19.26126,-19.31766,-19.13685
441.4,-19.26547,-19.41778,-19.24388,-19.31569,-19.13156
441.5,-19.27792,-19.40064,-19.21037,-19.33067,-19.11932
441.6,-19.25435,-19.38705,-19.20147,-19.30922,-19.09831
441.7,-19.24492,-19.39762,-19.21252,-19.33725,-19.09153
441.8,-19.24281,-19.39861,-19.22897,-19.34104,-19.09283
441.9,-19.24547,-19.38774,-19.22963,-19.33936,-19.09113
442,-19.27642,-19.38456,-19.22271,-19.34085,-19.06771
442.1,-19.3009,-19.40208,-19.22716,-19.33835,-19.07415
442.2,-19.2808,-19.41573,-19.23127,-19.33211,-19.06742
442.3,-19.28288,-19.42036,-19.21686,-19.33841,-19.08154
442.4,-19.28565,-19.41501,-19.21602,-19.334,-19.09904
442.5,-19.2862,-19.42585,-19.21115,-19.32726,-19.08165
442.6,-19.2944,-19.43292,-19.22621,-19.33004,-19.05289
442.7,-19.2917,-19.43693,-19.23311,-19.3415,-19.04589
442.8,-19.28167,-19.46381,-19.19714,-19.36735,-19.05445
442.9,-19.27482,-19.45719,-19.22202,-19.36859,-19.07073
443,-19.28918,-19.43622,-19.23528,-19.38769,-19.06772
443.1,-19.28418,-19.45888,-19.23504,-19.37764,-19.06501
443.2,-19.27628,-19.43928,-19.22953,-19.36884,-19.07091
443.3,-19.27987,-19.40545,-19.22577,-19.3557,-19.10211
443.4,-19.29321,-19.38978,-19.24451,-19.36008,-19.08525
443.5,-19.32021,-19.36808,-19.24663,-19.36536,-19.07938
443.6,-19.31451,-19.36831,-19.26083,-19.35336,-19.06632
443.7,-19.31668,-19.33526,-19.25628,-19.34966,-19.07152
443.8,-19.3029,-19.34628,-19.24112,-19.3359,-19.04064
443.9,-19.29702,-19.31553,-19.23446,-19.33108,-19.03308
444,-19.29713,-19.3179,-19.23272,-19.30701,-19.02117
444.1,-19.2749,-19.3257,-19.24346,-19.31614,-19.02431
444.2,-19.26274,-19.33764,-19.23463,-19.30187,-19.0466
444.3,-19.25584,-19.3373,-19.23134,-19.30427,-19.04564
444.4,-19.25913,-19.35775,-19.24596,-19.31706,-19.02669
444.5,-19.26859,-19.36282,-19.26073,-19.31169,-19.03837
444.6,-19.2676,-19.3563,-19.27514,-19.31397,-19.04742
444.7,-19.23528,-19.34913,-19.26971,-19.28988,-19.04405
444.8,-19.23521,-19.36355,-19.25903,-19.29334,-19.05131
444.9,-19.24967,-19.37603,-19.24985,-19.30312,-19.06483
445,-19.25754,-19.37579,-19.24709,-19.29214,-19.06393
445.1,-19.25877,-19.38142,-19.24161,-19.27979,-19.06093
445.2,-19.25221,-19.3769,-19.24548,-19.27383,-19.06051
445.3,-19.25925,-19.37442,-19.26861,-19.25981,-19.05442
445.4,-19.28454,-19.36743,-19.26391,-19.25565,-19.04282
445.5,-19.29378,-19.35732,-19.29175,-19.25173,-19.02957
445.6,-19.28896,-19.34109,-19.26539,-19.24996,-19.00409
445.7,-19.28513,-19.35753,-19.27253,-19.22811,-18.99772
445.8,-19.29899,-19.34015,-19.26618,-19.22705,-18.98782
445.9,-19.28561,-19.33108,-19.25015,-19.24488,-18.98137
446,-19.28036,-19.33928,-19.24117,-19.24207,-18.98968
446.1,-19.28306,-19.35991,-19.23984,-19.25218,-19.01723
446.2,-19.25651,-19.34786,-19.21156,-19.26301,-19.0199
446.3,-19.27125,-19.35038,-19.23454,-19.26929,-19.01957
446.4,-19.26434,-19.3504,-19.23364,-19.26775,-19.02859
446.5,-19.27951,-19.34624,-19.22545,-19.24707,-19.00645
446.6,-19.27468,-19.36013,-19.21639,-19.26081,-18.98828
446.7,-19.26068,-19.33692,-19.22653,-19.26879,-18.96579
446.8,-19.2703,-19.35218,-19.22151,-19.26226,-18.90804
446.9,-19.26045,-19.34297,-19.22654,-19.28914,-19.01037
447,-19.26933,-19.33104,-19.17799,-19.28447,-19.08419
447.1,-19.26989,-19.32598,-19.18143,-19.29298,-19.06613
447.2,-19.24659,-19.32668,-19.17454,-19.30787,-19.08413
447.3,-19.25559,-19.32436,-19.16134,-19.29049,-19.10369
447.4,-19.2629,-19.31597,-19.19783,-19.28938,-19.11674
447.5,-19.25544,-19.31068,-19.21042,-19.27884,-19.09722
447.6,-19.27333,-19.3103,-19.20166,-19.25613,-19.09571
447.7,-19.27843,-19.30928,-19.18947,-19.25307,-19.07327
447.8,-19.2807,-19.29375,-19.19547,-19.24771,-19.08186
447.9,-19.29445,-19.29898,-19.19643,-19.26775,-19.07654
448,-19.28987,-19.28693,-19.19359,-19.27257,-19.09195
448.1,-19.28513,-19.31009,-19.20218,-19.2536,-19.07805
448.2,-19.28399,-19.29966,-19.20438,-19.25506,-19.10284
448.3,-19.29265,-19.32444,-19.20404,-19.25069,-19.10311
448.4,-19.28377,-19.34499,-19.19105,-19.26142,-19.07142
448.5,-19.2717,-19.36082,-19.18983,-19.26088,-19.07762
448.6,-19.27016,-19.37104,-19.20609,-19.2739,-19.08291
448.7,-19.26231,-19.36323,-19.20749,-19.29064,-19.09622
448.8,-19.28867,-19.36276,-19.18673,-19.28198,-19.08498
448.9,-19.29778,-19.36805,-19.14388,-19.26291,-19.09194
449,-19.27443,-19.38062,-19.14971,-19.25659,-19.09618
449.1,-19.28126,-19.38202,-19.14895,-19.26519,-19.08959
449.2,-19.28153,-19.38605,-19.16448,-19.26032,-19.08071
449.3,-19.28253,-19.41019,-19.16506,-19.26283,-19.05821
449.4,-19.25203,-19.4098,-19.16437,-19.22834,-19.06752
449.5,-19.26553,-19.4068,-19.1843,-19.2051,-19.05596
449.6,-19.26871,-19.39802,-19.19016,-19.21365,-19.05801
449.7,-19.27423,-19.39902,-19.18477,-19.21838,-19.04481
449.8,-19.27691,-19.40341,-19.22926,-19.23043,-19.03849
449.9,-19.28014,-19.38221,-19.22632,-19.23109,-19.13778
450,-19.27894,-19.38871,-19.22109,-19.23701,-19.13712
450.1,-19.29719,-19.36167,-19.24364,-19.25569,-19.12592
450.2,-19.29336,-19.37198,-19.26826,-19.24883,-19.11969
450.3,-19.30706,-19.3552,-19.25804,-19.24482,-19.12447
450.4,-19.30874,-19.35836,-19.24642,-19.23058,-19.11775
450.5,-19.31754,-19.36937,-19.23619,-19.22892,-19.10564
450.6,-19.29253,-19.3932,-19.21447,-19.20984,-19.09535
450.7,-19.29032,-19.40724,-19.22665,-19.21305,-19.09762
450.8,-19.29976,-19.39107,-19.23364,-19.19864,-19.07047
450.9,-19.28658,-19.35659,-19.23907,-19.19965,-19.04375
451,-19.27797,-19.33845,-19.2305,-19.19921,-19.14183
451.1,-19.25757,-19.33633,-19.22695,-19.17996,-19.12723
451.2,-19.25818,-19.34197,-19.23332,-19.16649,-19.11159
451.3,-19.27435,-19.35251,-19.22471,-19.13967,-19.09005
451.4,-19.28639,-19.34709,-19.22375,-19.14447,-19.09293
451.5,-19.2756,-19.31576,-19.2094,-19.14654,-19.06361
451.6,-19.27514,-19.3207,-19.18972,-19.15981,-19.03357
451.7,-19.27321,-19.33038,-19.20397,-19.15676,-19.13328
451.8,-19.28172,-19.29872,-19.20282,-19.1654,-19.14706
451.9,-19.27506,-19.28503,-19.20303,-19.1272,-19.14708
452,-19.27931,-19.3124,-19.22315,-19.13479,-19.11724
452.1,-19.29951,-19.30571,-19.22175,-19.12017,-19.11182
452.2,-19.3295,-19.30996,-19.21287,-19.14101,-19.10997
452.3,-19.30764,-19.31005,-19.20119,-19.10979,-19.08665
452.4,-19.31615,-19.31133,-19.18609,-19.11438,-19.08715
452.5,-19.32081,-19.33948,-19.18717,-19.12197,-19.08511
452.6,-19.33745,-19.33938,-19.19682,-19.10029,-19.06528
452.7,-19.32734,-19.33792,-19.20766,-19.10022,-19.08049
452.8,-19.32731,-19.32754,-19.22239,-19.11392,-19.08758
452.9,-19.32438,-19.31714,-19.2215,-19.09144,-19.09099
453,-19.31777,-19.31618,-19.22219,-19.08451,-19.06949
453.1,-19.29684,-19.33095,-19.1996,-19.10407,-19.06222
453.2,-19.30192,-19.33033,-19.20302,-19.0772,-19.07101
453.3,-19.29813,-19.37045,-19.1879,-19.06514,-19.0901
453.4,-19.29964,-19.36814,-19.19118,-19.08571,-19.09224
453.5,-19.31358,-19.38139,-19.18439,-19.11019,-19.10207
453.6,-19.3347,-19.40022,-19.1737,-19.09744,-19.07906
453.7,-19.31472,-19.38699,-19.17881,-19.09783,-19.09107
453.8,-19.32921,-19.39188,-19.19581,-19.0943,-19.09431
453.9,-19.32272,-19.39354,-19.19573,-19.08561,-19.0518
454,-19.32439,-19.3839,-19.18758,-19.10191,-19.04308
454.1,-19.32963,-19.36761,-19.1825,-19.0885,-19.03277
454.2,-19.33613,-19.3618,-19.18184,-19.0876,-19.02008
454.3,-19.33453,-19.36934,-19.19172,-19.09362,-18.99328
454.4,-19.34848,-19.37625,-19.19989,-19.10554,-19.07568
454.5,-19.34949,-19.34502,-19.18491,-19.11112,-19.09293
454.6,-19.33433,-19.34613,-19.21482,-19.09474,-19.11545
454.7,-19.33554,-19.37293,-19.2148,-19.10856,-19.11198
454.8,-19.33058,-19.36922,-19.22616,-19.12234,-19.10519
454.9,-19.3145,-19.40195,-19.23396,-19.13911,-19.11856
455,-19.31287,-19.42465,-19.23391,-19.15828,-19.11784
455.1,-19.31173,-19.41538,-19.24558,-19.16086,-19.10705
455.2,-19.31587,-19.40876,-19.24324,-19.14798,-19.10468
455.3,-19.31733,-19.39627,-19.23263,-19.15842,-19.11092
455.4,-19.3248,-19.38106,-19.24039,-19.17086,-19.08366
455.5,-19.31889,-19.37933,-19.22491,-19.16181,-19.09708
455.6,-19.30086,-19.36723,-19.23985,-19.16337,-19.08621
455.7,-19.2995,-19.39944,-19.22938,-19.1512,-19.09287
455.8,-19.28762,-19.40011,-19.23545,-19.15119,-19.09206
455.9,-19.28046,-19.38327,-19.24471,-19.1636,-19.08682
456,-19.2941,-19.38686,-19.24716,-19.16172,-19.09834
456.1,-19.26157,-19.38597,-19.23788,-19.15943,-19.1133
456.2,-19.26652,-19.40227,-19.24038,-19.17309,-19.09432
456.3,-19.26674,-19.37774,-19.23954,-19.18303,-19.09902
456.4,-19.2977,-19.37276,-19.25893,-19.17998,-19.10038
456.5,-19.30708,-19.34064,-19.24445,-19.18657,-19.12095
456.6,-19.3033,-19.34357,-19.22055,-19.17588,-19.12891
456.7,-19.3226,-19.33512,-19.20098,-19.16089,-19.15582
456.8,-19.29154,-19.33884,-19.18783,-19.15273,-19.15872
456.9,-19.26695,-19.33952,-19.18314,-19.15456,-19.13968
457,-19.26742,-19.35405,-19.1777,-19.15103,-19.14092
457.1,-19.26447,-19.36547,-19.1626,-19.17111,-19.15656
457.2,-19.37336,-19.36912,-19.15768,-19.18064,-19.15776
457.3,-19.34378,-19.36917,-19.16569,-19.16616,-19.12816
457.4,-19.35171,-19.35965,-19.16437,-19.16605,-19.12357
457.5,-19.35348,-19.36572,-19.15635,-19.17663,-19.1279
457.6,-19.34274,-19.39364,-19.13306,-19.19478,-19.12391
457.7,-19.35012,-19.37961,-19.13457,-19.20772,-19.13759
457.8,-19.37214,-19.38008,-19.13984,-19.20036,-19.11773
457.9,-19.38897,-19.38401,-19.14069,-19.21637,-19.11967
458,-19.39835,-19.40703,-19.13962,-19.22415,-19.13462
458.1,-19.39374,-19.41615,-19.1505,-19.23214,-19.12806
458.2,-19.38313,-19.4021,-19.17576,-19.23033,-19.15354
458.3,-19.38464,-19.39739,-19.16773,-19.24522,-19.16446
458.4,-19.39763,-19.39871,-19.15215,-19.25722,-19.19087
458.5,-19.38184,-19.38487,-19.18494,-19.25597,-19.20864
458.6,-19.38773,-19.36966,-19.16615,-19.28291,-19.20478
458.7,-19.37464,-19.37452,-19.15345,-19.28534,-19.19837
458.8,-19.39051,-19.37346,-19.15233,-19.28978,-19.18856
458.9,-19.38481,-19.39452,-19.14285,-19.30201,-19.1815
459,-19.38534,-19.36851,-19.13422,-19.31489,-19.17683
459.1,-19.38547,-19.35611,-19.13367,-19.3218,-19.15698
459.2,-19.39549,-19.3646,-19.0786,-19.29751,-19.15223
459.3,-19.40334,-19.35246,-19.1739,-19.30306,-19.16547
459.4,-19.41858,-19.37561,-19.15139,-19.30826,-19.17601
459.5,-19.4317,-19.3624,-19.141,-19.32557,-19.17703
459.6,-19.4272,-19.35652,-19.16313,-19.32861,-19.1726
459.7,-19.42481,-19.36313,-19.18192,-19.32879,-19.14876
459.8,-19.43756,-19.3711,-19.19047,-19.3367,-19.15954
459.9,-19.44227,-19.35808,-19.18328,-19.33516,-19.16291
460,-19.44539,-19.34137,-19.16409,-19.31318,-19.14945
460.1,-19.45341,-19.34971,-19.16908,-19.32491,-19.1469
460.2,-19.43532,-19.33577,-19.18391,-19.336,-19.127
460.3,-19.44957,-19.31794,-19.18086,-19.32153,-19.15143
460.4,-19.47071,-19.32458,-19.19406,-19.31971,-19.12877
460.5,-19.45181,-19.33222,-19.20922,-19.3152,-19.12446
460.6,-19.43565,-19.34493,-19.21466,-19.32241,-19.12048
460.7,-19.43932,-19.32556,-19.22056,-19.36863,-19.12829
460.8,-19.45504,-19.32428,-19.21871,-19.39101,-19.08906
460.9,-19.44614,-19.3123,-19.21666,-19.3909,-19.09184
461,-19.45259,-19.29489,-19.23308,-19.41295,-19.09796
461.1,-19.44104,-19.28997,-19.24088,-19.42276,-19.08886
461.2,-19.45467,-19.29867,-19.25414,-19.39894,-19.0688
461.3,-19.44131,-19.29071,-19.26355,-19.40167,-19.0518
461.4,-19.42736,-19.30359,-19.2644,-19.40345,-19.00335
461.5,-19.44192,-19.28501,-19.27274,-19.39145,-18.99918
461.6,-19.44904,-19.29118,-19.27019,-19.37449,-18.96814
461.7,-19.45163,-19.2819,-19.27843,-19.36804,-18.93098
461.8,-19.44209,-19.29174,-19.28567,-19.39663,-19.13995
461.9,-19.44332,-19.30086,-19.29192,-19.41566,-19.14132
462,-19.44552,-19.32112,-19.27568,-19.42818,-19.16331
462.1,-19.45504,-19.31091,-19.2593,-19.42237,-19.16283
462.2,-19.46201,-19.28032,-19.26294,-19.42361,-19.17172
462.3,-19.47171,-19.30363,-19.26406,-19.39851,-19.18361
462.4,-19.46261,-19.31246,-19.26502,-19.41786,-19.18394
462.5,-19.47126,-19.30604,-19.26728,-19.41046,-19.18423
462.6,-19.48133,-19.32871,-19.27196,-19.40088,-19.1809
462.7,-19.46018,-19.30838,-19.26577,-19.3838,-19.17988
462.8,-19.45202,-19.3194,-19.26558,-19.38327,-19.18468
462.9,-19.44261,-19.3181,-19.23277,-19.39918,-19.18284
463,-19.44073,-19.32128,-19.23969,-19.40754,-19.15647
463.1,-19.45263,-19.30896,-19.25608,-19.40886,-19.14193
463.2,-19.43381,-19.31499,-19.26387,-19.44204,-19.12022
463.3,-19.43371,-19.32929,-19.22755,-19.44801,-19.10838
463.4,-19.43855,-19.32742,-19.22891,-19.44825,-19.09884
463.5,-19.45206,-19.32492,-19.25478,-19.45845,-19.08219
463.6,-19.44904,-19.31897,-19.25447,-19.4326,-19.18777
463.7,-19.45757,-19.32082,-19.24798,-19.43324,-19.18404
463.8,-19.44278,-19.3137,-19.23898,-19.42725,-19.16412
463.9,-19.43392,-19.30553,-19.23732,-19.43557,-19.12088
464,-19.41059,-19.3018,-19.25023,-19.43566,-19.13019
464.1,-19.39502,-19.31297,-19.25776,-19.44963,-19.13469
464.2,-19.39636,-19.32036,-19.26223,-19.4569,-19.128
464.3,-19.40713,-19.3172,-19.27044,-19.46318,-19.14334
464.4,-19.38673,-19.30469,-19.29033,-19.45311,-19.14934
464.5,-19.37598,-19.3112,-19.27542,-19.43446,-19.14931
464.6,-19.38217,-19.31349,-19.28605,-19.44969,-19.15363
464.7,-19.38297,-19.30826,-19.28992,-19.44259,-19.18648
464.8,-19.38196,-19.30084,-19.29258,-19.4465,-19.1664
464.9,-19.38277,-19.29673,-19.30188,-19.43642,-19.1898
465,-19.38815,-19.28173,-19.32108,-19.45146,-19.19683
465.1,-19.38754,-19.27835,-19.30515,-19.4431,-19.17737
465.2,-19.41303,-19.27976,-19.32293,-19.42808,-19.17776
465.3,-19.41338,-19.3044,-19.33011,-19.4034,-19.18157
465.4,-19.39451,-19.31384,-19.34143,-19.41775,-19.18744
465.5,-19.41112,-19.30401,-19.3399,-19.43141,-19.17875
465.6,-19.41761,-19.29794,-19.3423,-19.42504,-19.17283
465.7,-19.42956,-19.29631,-19.35889,-19.42705,-19.18315
465.8,-19.4427,-19.29498,-19.37196,-19.42794,-19.20126
465.9,-19.43489,-19.2827,-19.38622,-19.42744,-19.20383
466,-19.4306,-19.28682,-19.39532,-19.42005,-19.20255
466.1,-19.45178,-19.28569,-19.40435,-19.44146,-19.20843
466.2,-19.43661,-19.2781,-19.38296,-19.41129,-19.23694
466.3,-19.44698,-19.26954,-19.37243,-19.40022,-19.24725
466.4,-19.45674,-19.2534,-19.36273,-19.38635,-19.25396
466.5,-19.42978,-19.25209,-19.35175,-19.37813,-19.25317
466.6,-19.42487,-19.24119,-19.3496,-19.38943,-19.27257
466.7,-19.42572,-19.23835,-19.33784,-19.40926,-19.29268
466.8,-19.4421,-19.24799,-19.32798,-19.38941,-19.3061
466.9,-19.42862,-19.22957,-19.32905,-19.37081,-19.31421
467,-19.40452,-19.23409,-19.3205,-19.36872,-19.29993
467.1,-19.39539,-19.23625,-19.28666,-19.36694,-19.28567
467.2,-19.40873,-19.25682,-19.29085,-19.35881,-19.284
467.3,-19.42174,-19.24913,-19.29273,-19.36065,-19.33336
467.4,-19.44191,-19.22992,-19.27296,-19.3699,-19.33872
467.5,-19.43717,-19.22065,-19.25775,-19.37134,-19.34382
467.6,-19.43085,-19.23584,-19.23457,-19.35354,-19.33851
467.7,-19.43324,-19.20113,-19.22651,-19.35425,-19.33077
467.8,-19.40602,-19.21465,-19.23202,-19.37709,-19.33176
467.9,-19.40751,-19.19232,-19.23394,-19.3818,-19.3396
468,-19.3968,-19.20023,-19.2314,-19.37414,-19.33798
468.1,-19.39368,-19.2229,-19.22217,-19.38399,-19.32378
468.2,-19.39709,-19.22713,-19.19831,-19.38907,-19.3116
468.3,-19.39148,-19.25418,-19.18718,-19.3832,-19.31462
468.4,-19.39535,-19.24465,-19.19094,-19.39233,-19.30004
468.5,-19.38158,-19.22326,-19.19912,-19.37629,-19.30241
468.6,-19.376,-19.24221,-19.19589,-19.37785,-19.28479
468.7,-19.36914,-19.23942,-19.19786,-19.3834,-19.27583
468.8,-19.37098,-19.24361,-19.19907,-19.39857,-19.25845
468.9,-19.37306,-19.24312,-19.19233,-19.38807,-19.24042
469,-19.39536,-19.25658,-19.19243,-19.38128,-19.22208
469.1,-19.37813,-19.27643,-19.19221,-19.37966,-19.31806
469.2,-19.3775,-19.25158,-19.21542,-19.38246,-19.33945
469.3,-19.3763,-19.24253,-19.20508,-19.38742,-19.3369
469.4,-19.38569,-19.23729,-19.20792,-19.35309,-19.3488
469.5,-19.38021,-19.25455,-19.20235,-19.37545,-19.35321
469.6,-19.37738,-19.26223,-19.21878,-19.3618,-19.35604
469.7,-19.37279,-19.2647,-19.21585,-19.35775,-19.35056
469.8,-19.36907,-19.26456,-19.23347,-19.37243,-19.33288
469.9,-19.34422,-19.28064,-19.23691,-19.35933,-19.33539
470,-19.36312,-19.28369,-19.23853,-19.33961,-19.34043
470.1,-19.35442,-19.28165,-19.2415,-19.3406,-19.35542
470.2,-19.33376,-19.2784,-19.24105,-19.36832,-19.37066
470.3,-19.32489,-19.25562,-19.2359,-19.38152,-19.35976
470.4,-19.31779,-19.26819,-19.24875,-19.37831,-19.36399
470.5,-19.34134,-19.27483,-19.25238,-19.3702,-19.36569
470.6,-19.35239,-19.30491,-19.24387,-19.36604,-19.37606
470.7,-19.35748,-19.31288,-19.24524,-19.37483,-19.36949
470.8,-19.37115,-19.29134,-19.26418,-19.38271,-19.38775
470.9,-19.38264,-19.28833,-19.25653,-19.38495,-19.36731
471,-19.38074,-19.27428,-19.28012,-19.40576,-19.3745
471.1,-19.38107,-19.25644,-19.29424,-19.4112,-19.35547
471.2,-19.39475,-19.271,-19.2811,-19.42994,-19.34303
471.3,-19.3966,-19.27016,-19.32097,-19.43139,-19.36127
471.4,-19.3818,-19.25165,-19.31265,-19.43925,-19.34436
471.5,-19.37064,-19.22499,-19.30477,-19.43352,-19.34083
471.6,-19.38196,-19.24158,-19.31061,-19.44437,-19.31796
471.7,-19.33893,-19.23651,-19.32995,-19.43343,-19.31079
471.8,-19.33977,-19.26041,-19.31815,-19.43226,-19.3191
471.9,-19.35329,-19.26505,-19.31537,-19.45792,-19.3085
472,-19.34041,-19.25611,-19.31137,-19.46998,-19.38318
472.1,-19.33989,-19.25607,-19.33005,-19.47407,-19.38504
472.2,-19.32038,-19.25725,-19.33662,-19.45189,-19.38483
472.3,-19.34531,-19.2635,-19.32902,-19.43452,-19.37357
472.4,-19.34655,-19.27755,-19.28401,-19.44214,-19.36427
472.5,-19.34104,-19.28358,-19.25583,-19.44207,-19.37507
472.6,-19.35317,-19.29696,-19.26272,-19.43627,-19.34245
472.7,-19.35925,-19.27152,-19.28614,-19.42625,-19.33942
472.8,-19.35548,-19.26942,-19.28416,-19.43642,-19.32101
472.9,-19.34974,-19.27856,-19.27496,-19.40578,-19.31674
473,-19.34901,-19.28319,-19.27322,-19.41204,-19.31149
473.1,-19.36098,-19.2935,-19.26556,-19.40734,-19.28914
473.2,-19.35753,-19.27725,-19.27246,-19.40224,-19.27667
473.3,-19.38089,-19.29086,-19.28092,-19.40312,-19.38181
473.4,-19.37243,-19.30812,-19.28205,-19.37733,-19.37183
473.5,-19.35523,-19.29339,-19.292,-19.37108,-19.34813
473.6,-19.35706,-19.28945,-19.27296,-19.37285,-19.31287
473.7,-19.35634,-19.28488,-19.28462,-19.3525,-19.29835
473.8,-19.35114,-19.28257,-19.28797,-19.3415,-19.26107
473.9,-19.34143,-19.28018,-19.3038,-19.3214,-19.23005
474,-19.32026,-19.29129,-19.31248,-19.32888,-19.33926
474.1,-19.31444,-19.28388,-19.33325,-19.31595,-19.34305
474.2,-19.32004,-19.29844,-19.32603,-19.31423,-19.33184
474.3,-19.32936,-19.28926,-19.32113,-19.33409,-19.31023
474.4,-19.3373,-19.28637,-19.31852,-19.31789,-19.29184
474.5,-19.33825,-19.28391,-19.33186,-19.32448,-19.28959
474.6,-19.36589,-19.29685,-19.35277,-19.31945,-19.28666
474.7,-19.35043,-19.28664,-19.33323,-19.3345,-19.28266
474.8,-19.35789,-19.28277,-19.33262,-19.33069,-19.25637
474.9,-19.3484,-19.28576,-19.36257,-19.32213,-19.21978
475,-19.34907,-19.27938,-19.35919,-19.31877,-19.19272
475.1,-19.35084,-19.29024,-19.35143,-19.33734,-19.19303
475.2,-19.34664,-19.2714,-19.36634,-19.34484,-19.19277
475.3,-19.33135,-19.27841,-19.35618,-19.34251,-19.20501
475.4,-19.30933,-19.26532,-19.36616,-19.36169,-19.1705
475.5,-19.30199,-19.23968,-19.38234,-19.36408,-19.14188
475.6,-19.3104,-19.25364,-19.39058,-19.36355,-19.20407
475.7,-19.31316,-19.2385,-19.35977,-19.36193,-19.18257
475.8,-19.31228,-19.24573,-19.32732,-19.37361,-19.28587
475.9,-19.3052,-19.24107,-19.31484,-19.38716,-19.27353
476,-19.28471,-19.25002,-19.29334,-19.38743,-19.27659
476.1,-19.29787,-19.27151,-19.28867,-19.38606,-19.26228
476.2,-19.25507,-19.28455,-19.31412,-19.39149,-19.25312
476.3,-19.26152,-19.27924,-19.33353,-19.38201,-19.23241
476.4,-19.25444,-19.26994,-19.33179,-19.38573,-19.24389
476.5,-19.23749,-19.28817,-19.30294,-19.37187,-19.25677
476.6,-19.23461,-19.28312,-19.30797,-19.37797,-19.27001
476.7,-19.23837,-19.27481,-19.28437,-19.38949,-19.25656
476.8,-19.24021,-19.29344,-19.27346,-19.39785,-19.24858
476.9,-19.26012,-19.28691,-19.27758,-19.38754,-19.23724
477,-19.23389,-19.28956,-19.27222,-19.38064,-19.23934
477.1,-19.27577,-19.29145,-19.28797,-19.38995,-19.24054
477.2,-19.28503,-19.2862,-19.28487,-19.38453,-19.20291
477.3,-19.28125,-19.29092,-19.29239,-19.40278,-19.20996
477.4,-19.29853,-19.29829,-19.27309,-19.41413,-19.22186
477.5,-19.28823,-19.28808,-19.26724,-19.42864,-19.23251
477.6,-19.2716,-19.31175,-19.2511,-19.38934,-19.217
477.7,-19.28862,-19.29798,-19.24919,-19.35696,-19.2102
477.8,-19.29527,-19.27936,-19.25051,-19.37565,-19.20819
477.9,-19.30203,-19.27183,-19.24429,-19.37398,-19.20694
478,-19.29442,-19.25424,-19.25753,-19.36553,-19.19329
478.1,-19.30689,-19.2811,-19.25801,-19.35584,-19.18894
478.2,-19.3141,-19.2668,-19.26354,-19.37523,-19.18598
478.3,-19.31017,-19.26125,-19.27777,-19.3607,-19.19045
478.4,-19.30731,-19.21736,-19.28494,-19.36178,-19.15445
478.5,-19.30631,-19.24226,-19.28734,-19.3703,-19.14119
478.6,-19.32263,-19.23534,-19.27751,-19.37009,-19.12974
478.7,-19.34069,-19.24458,-19.27847,-19.37708,-19.0688
478.8,-19.3382,-19.24836,-19.26929,-19.37232,-19.17587
478.9,-19.35231,-19.25014,-19.27925,-19.3688,-19.179
479,-19.36554,-19.27889,-19.29428,-19.33647,-19.19299
479.1,-19.36697,-19.26946,-19.29928,-19.33483,-19.20802
479.2,-19.36687,-19.27054,-19.29133,-19.33377,-19.21407
479.3,-19.35541,-19.27868,-19.2975,-19.32376,-19.21549
479.4,-19.35111,-19.28337,-19.31364,-19.30388,-19.19428
479.5,-19.34673,-19.26855,-19.31213,-19.31759,-19.19572
479.6,-19.33968,-19.27811,-19.29001,-19.30881,-19.19879
479.7,-19.34247,-19.29551,-19.30351,-19.28984,-19.1832
479.8,-19.32768,-19.29229,-19.30354,-19.29103,-19.16994
479.9,-19.33834,-19.28445,-19.29526,-19.3023,-19.17989
480,-19.34043,-19.28246,-19.28388,-19.30295,-19.18541
480.1,-19.33274,-19.29188,-19.28424,-19.29667,-19.18504
480.2,-19.31198,-19.30527,-19.29778,-19.31282,-19.1931
480.3,-19.31203,-19.31449,-19.30452,-19.30891,-19.19032
480.4,-19.32338,-19.32153,-19.31932,-19.29011,-19.18508
480.5,-19.30558,-19.33182,-19.31827,-19.28407,-19.16596
480.6,-19.30739,-19.34068,-19.32821,-19.269,-19.14146
480.7,-19.32727,-19.32321,-19.33557,-19.27837,-19.09073
480.8,-19.32479,-19.31181,-19.32789,-19.26624,-19.21829
480.9,-19.33744,-19.35522,-19.29817,-19.273,-19.22791
481,-19.37164,-19.37944,-19.31963,-19.284,-19.22341
481.1,-19.39483,-19.36239,-19.32558,-19.26097,-19.20731
481.2,-19.40395,-19.35798,-19.33643,-19.2654,-19.19988
481.3,-19.41771,-19.37668,-19.31394,-19.27337,-19.20377
481.4,-19.4033,-19.38582,-19.31898,-19.27722,-19.19067
481.5,-19.40494,-19.38683,-19.32953,-19.28863,-19.19424
481.6,-19.43812,-19.37314,-19.31536,-19.29536,-19.17472
481.7,-19.42723,-19.39314,-19.31324,-19.28198,-19.16702
481.8,-19.40632,-19.37935,-19.3187,-19.30237,-19.26342
481.9,-19.41726,-19.37222,-19.33284,-19.29967,-19.25675
482,-19.41981,-19.3823,-19.35496,-19.30225,-19.25185
482.1,-19.40799,-19.35826,-19.32479,-19.29725,-19.23884
482.2,-19.39367,-19.37086,-19.30704,-19.28699,-19.25145
482.3,-19.39646,-19.37279,-19.31189,-19.27796,-19.26381
482.4,-19.38488,-19.36535,-19.32551,-19.27799,-19.24561
482.5,-19.3898,-19.37166,-19.33552,-19.27874,-19.2345
482.6,-19.38556,-19.36258,-19.31937,-19.26646,-19.24799
482.7,-19.3886,-19.38322,-19.28578,-19.27462,-19.24
482.8,-19.39377,-19.38487,-19.29024,-19.248,-19.2454
482.9,-19.39617,-19.37375,-19.29797,-19.21982,-19.25039
483,-19.41409,-19.36832,-19.3209,-19.22991,-19.26454
483.1,-19.42605,-19.37143,-19.28954,-19.25961,-19.26174
483.2,-19.42619,-19.37417,-19.26966,-19.25164,-19.26738
483.3,-19.41944,-19.38847,-19.27217,-19.22157,-19.2669
483.4,-19.41579,-19.37929,-19.25367,-19.21065,-19.2816
483.5,-19.40023,-19.37585,-19.24574,-19.20317,-19.26928
483.6,-19.37916,-19.39492,-19.23093,-19.18498,-19.2667
483.7,-19.37839,-19.39936,-19.22782,-19.1677,-19.24012
483.8,-19.37844,-19.40728,-19.22751,-19.19501,-19.24439
483.9,-19.38702,-19.40208,-19.22819,-19.20327,-19.24506
484,-19.37622,-19.40935,-19.24165,-19.19985,-19.22569
484.1,-19.37011,-19.39606,-19.2209,-19.21429,-19.23228
484.2,-19.37024,-19.42563,-19.22895,-19.21769,-19.22117
484.3,-19.36064,-19.41526,-19.23982,-19.18944,-19.2145
484.4,-19.37258,-19.41976,-19.25299,-19.19156,-19.24272
484.5,-19.36983,-19.40382,-19.26686,-19.1803,-19.23983
484.6,-19.37508,-19.40788,-19.26635,-19.17648,-19.20298
484.7,-19.37391,-19.40808,-19.26122,-19.18426,-19.18544
484.8,-19.36666,-19.40728,-19.26079,-19.17542,-19.18152
484.9,-19.36461,-19.43333,-19.25698,-19.15001,-19.17354
485,-19.36527,-19.42753,-19.2671,-19.18696,-19.17978
485.1,-19.37841,-19.39949,-19.26892,-19.19392,-19.17845
485.2,-19.38669,-19.39239,-19.29065,-19.17594,-19.16897
485.3,-19.3748,-19.42057,-19.28737,-19.18419,-19.15413
485.4,-19.36776,-19.45574,-19.2878,-19.19121,-19.13386
485.5,-19.38548,-19.45144,-19.27075,-19.22179,-19.14295
485.6,-19.38606,-19.43599,-19.27594,-19.21212,-19.16868
485.7,-19.38059,-19.4245,-19.29593,-19.21055,-19.14647
485.8,-19.38591,-19.43065,-19.26769,-19.20101,-19.13765
485.9,-19.4039,-19.44119,-19.26979,-19.20387,-19.12934
486,-19.39791,-19.44631,-19.25769,-19.20899,-19.12047
486.1,-19.39851,-19.4502,-19.26465,-19.20061,-19.13661
486.2,-19.41079,-19.43837,-19.24908,-19.22226,-19.11754
486.3,-19.39277,-19.44538,-19.24581,-19.20451,-19.11838
486.4,-19.40212,-19.46032,-19.26432,-19.18952,-19.12306
486.5,-19.40003,-19.4459,-19.24079,-19.21209,-19.13421
486.6,-19.37566,-19.44251,-19.2504,-19.20673,-19.12574
486.7,-19.38862,-19.46105,-19.24853,-19.22533,-19.13033
486.8,-19.37644,-19.47355,-19.25651,-19.21664,-19.11516
486.9,-19.37458,-19.48413,-19.22657,-19.22053,-19.11387
487,-19.38781,-19.47864,-19.2273,-19.19201,-19.0953
487.1,-19.37867,-19.4562,-19.22945,-19.18703,-19.09685
487.2,-19.37161,-19.45723,-19.22016,-19.19848,-19.11706
487.3,-19.33169,-19.45923,-19.24146,-19.21416,-19.13606
487.4,-19.33194,-19.46756,-19.25431,-19.21088,-19.1597
487.5,-19.34841,-19.45905,-19.26123,-19.19744,-19.16933
487.6,-19.35275,-19.47345,-19.25337,-19.20368,-19.16515
487.7,-19.35683,-19.47709,-19.25024,-19.21441,-19.18778
487.8,-19.38175,-19.44763,-19.26398,-19.2056,-19.19107
487.9,-19.38378,-19.4445,-19.27508,-19.182,-19.20195
488,-19.34658,-19.4356,-19.24059,-19.17546,-19.23565
488.1,-19.36098,-19.43633,-19.24736,-19.17767,-19.22984
488.2,-19.35248,-19.44395,-19.24586,-19.18711,-19.21798
488.3,-19.34916,-19.43419,-19.2585,-19.19981,-19.20223
488.4,-19.34823,-19.4343,-19.27239,-19.20946,-19.21963
488.5,-19.33428,-19.43603,-19.28772,-19.20411,-19.21751
488.6,-19.34443,-19.42307,-19.29531,-19.21728,-19.21717
488.7,-19.3547,-19.46307,-19.28683,-19.21393,-19.21713
488.8,-19.36047,-19.45087,-19.28228,-19.23782,-19.20007
488.9,-19.34981,-19.44853,-19.273,-19.25196,-19.1941
489,-19.34517,-19.47175,-19.28082,-19.2453,-19.19553
489.1,-19.34134,-19.4992,-19.28824,-19.21353,-19.20023
489.2,-19.34265,-19.48592,-19.30475,-19.23692,-19.20797
489.3,-19.34458,-19.47076,-19.32399,-19.25603,-19.20976
489.4,-19.3448,-19.45591,-19.31394,-19.26234,-19.22043
489.5,-19.37623,-19.48574,-19.32565,-19.25624,-19.19295
489.6,-19.33252,-19.45671,-19.31531,-19.26284,-19.19366
489.7,-19.3241,-19.45491,-19.31306,-19.2627,-19.1694
489.8,-19.31889,-19.46078,-19.32189,-19.25658,-19.15121
489.9,-19.32009,-19.47139,-19.28668,-19.23549,-19.12959
490,-19.32764,-19.46149,-19.3076,-19.24676,-19.10329
490.1,-19.35075,-19.46407,-19.31284,-19.22265,-19.19706
490.2,-19.35655,-19.45776,-19.30653,-19.22325,-19.20376
490.3,-19.36066,-19.42855,-19.29609,-19.23198,-19.20782
490.4,-19.348,-19.42755,-19.29659,-19.23056,-19.20287
490.5,-19.33743,-19.45635,-19.31359,-19.24217,-19.21936
490.6,-19.34508,-19.45679,-19.32975,-19.24364,-19.21599
490.7,-19.35296,-19.46207,-19.33594,-19.27217,-19.19561
490.8,-19.36667,-19.45568,-19.34926,-19.25334,-19.19647
490.9,-19.3409,-19.46181,-19.35868,-19.28233,-19.19446
491,-19.34351,-19.46595,-19.38326,-19.26574,-19.19614
491.1,-19.35605,-19.46819,-19.37836,-19.27949,-19.18417
491.2,-19.3583,-19.46918,-19.38583,-19.29352,-19.17206
491.3,-19.36377,-19.47709,-19.39058,-19.29891,-19.16244
491.4,-19.36108,-19.49056,-19.37296,-19.28367,-19.15346
491.5,-19.37103,-19.50208,-19.37589,-19.30483,-19.1263
491.6,-19.36476,-19.51675,-19.38903,-19.29228,-19.22589
491.7,-19.35151,-19.5299,-19.37896,-19.27142,-19.26116
491.8,-19.334,-19.56239,-19.38788,-19.27207,-19.27335
491.9,-19.3282,-19.56777,-19.39905,-19.28115,-19.28242
492,-19.3452,-19.57821,-19.41104,-19.2718,-19.27536
492.1,-19.35656,-19.56369,-19.39609,-19.27015,-19.29054
492.2,-19.35971,-19.55971,-19.39396,-19.27495,-19.30457
492.3,-19.36578,-19.55299,-19.38831,-19.2908,-19.32569
492.4,-19.34891,-19.5454,-19.39611,-19.30064,-19.31824
492.5,-19.34133,-19.55276,-19.3727,-19.29326,-19.32218
492.6,-19.36447,-19.55364,-19.40265,-19.29051,-19.31489
492.7,-19.38428,-19.55838,-19.42122,-19.30803,-19.32482
492.8,-19.3605,-19.54895,-19.43686,-19.3044,-19.331
492.9,-19.36251,-19.52248,-19.43356,-19.32063,-19.36992
493,-19.35746,-19.53049,-19.43286,-19.31309,-19.35828
493.1,-19.34424,-19.52257,-19.44198,-19.31843,-19.35798
493.2,-19.37655,-19.51268,-19.44932,-19.29467,-19.36272
493.3,-19.3653,-19.51019,-19.44937,-19.3221,-19.36728
493.4,-19.36027,-19.50145,-19.44385,-19.32508,-19.36724
493.5,-19.36535,-19.49671,-19.46411,-19.31452,-19.35171
493.6,-19.35854,-19.51534,-19.46187,-19.2972,-19.34181
493.7,-19.35741,-19.48685,-19.46077,-19.28569,-19.31951
493.8,-19.34173,-19.49803,-19.44128,-19.29184,-19.3385
493.9,-19.3322,-19.49221,-19.42613,-19.32243,-19.33754
494,-19.32762,-19.48215,-19.41661,-19.31015,-19.34023
494.1,-19.33842,-19.47824,-19.41276,-19.33559,-19.31334
494.2,-19.32823,-19.5084,-19.41731,-19.32169,-19.31253
494.3,-19.32735,-19.50746,-19.42076,-19.30008,-19.30813
494.4,-19.32972,-19.52284,-19.41341,-19.29744,-19.32176
494.5,-19.32984,-19.50367,-19.43608,-19.31775,-19.29164
494.6,-19.32224,-19.47935,-19.44106,-19.31607,-19.28556
494.7,-19.34074,-19.49592,-19.44164,-19.288,-19.28547
494.8,-19.36557,-19.49964,-19.44455,-19.29127,-19.26415
494.9,-19.35409,-19.51761,-19.45191,-19.28357,-19.25355
495,-19.35349,-19.49537,-19.43891,-19.27056,-19.25153
495.1,-19.35619,-19.49711,-19.41036,-19.28748,-19.24408
495.2,-19.36801,-19.4839,-19.41941,-19.28869,-19.22594
495.3,-19.35189,-19.50957,-19.40809,-19.29223,-19.20792
495.4,-19.35413,-19.52631,-19.41948,-19.28011,-19.21856
495.5,-19.3455,-19.50409,-19.43799,-19.3088,-19.24284
495.6,-19.35013,-19.50955,-19.46311,-19.29783,-19.2496
495.7,-19.3627,-19.51179,-19.46299,-19.28486,-19.22199
495.8,-19.37064,-19.52693,-19.43646,-19.28481,-19.24975
495.9,-19.3811,-19.53316,-19.43837,-19.27194,-19.22282
496,-19.37528,-19.53959,-19.40487,-19.28612,-19.23165
496.1,-19.37258,-19.53471,-19.40268,-19.29817,-19.23837
496.2,-19.36686,-19.5244,-19.40586,-19.2793,-19.24842
496.3,-19.3739,-19.51404,-19.41855,-19.27271,-19.25742
496.4,-19.34947,-19.52607,-19.40418,-19.29164,-19.27476
496.5,-19.36006,-19.53151,-19.38529,-19.30573,-19.29089
496.6,-19.35477,-19.5513,-19.39662,-19.30112,-19.29516
496.7,-19.36538,-19.54131,-19.4009,-19.31763,-19.28624
496.8,-19.35857,-19.5309,-19.41243,-19.28994,-19.26453
496.9,-19.35773,-19.53023,-19.41292,-19.29475,-19.36107
497,-19.35423,-19.52573,-19.4231,-19.30242,-19.34743
497.1,-19.34023,-19.54311,-19.41731,-19.28596,-19.35674
497.2,-19.33863,-19.53676,-19.42999,-19.28827,-19.3299
497.3,-19.33404,-19.53123,-19.43552,-19.28494,-19.32009
497.4,-19.32277,-19.53369,-19.4131,-19.27701,-19.33849
497.5,-19.34049,-19.53539,-19.41876,-19.2721,-19.33724
497.6,-19.33759,-19.51205,-19.40723,-19.27318,-19.35257
497.7,-19.3256,-19.52452,-19.40916,-19.26053,-19.37704
497.8,-19.33356,-19.52847,-19.40901,-19.25497,-19.36087
497.9,-19.31767,-19.51761,-19.40324,-19.25018,-19.34105
498,-19.30008,-19.50494,-19.39372,-19.24648,-19.34975
498.1,-19.31532,-19.49633,-19.39393,-19.23531,-19.36698
498.2,-19.32316,-19.49386,-19.40202,-19.2316,-19.36492
498.3,-19.33326,-19.4908,-19.41339,-19.24228,-19.37684
498.4,-19.30988,-19.50678,-19.39176,-19.24455,-19.38909
498.5,-19.30757,-19.51194,-19.37751,-19.25166,-19.39275
498.6,-19.30134,-19.51083,-19.37718,-19.26655,-19.39649
498.7,-19.28183,-19.50576,-19.40947,-19.30726,-19.41668
498.8,-19.29391,-19.49867,-19.40369,-19.31337,-19.41063
498.9,-19.27831,-19.51394,-19.37684,-19.30534,-19.41609
499,-19.27926,-19.50792,-19.40214,-19.27586,-19.39389
499.1,-19.26975,-19.513,-19.37927,-19.27375,-19.42541
499.2,-19.27966,-19.50639,-19.3691,-19.24694,-19.42588
499.3,-19.2782,-19.49661,-19.38009,-19.25834,-19.43592
499.4,-19.2936,-19.50487,-19.37652,-19.25494,-19.44647
499.5,-19.27901,-19.51314,-19.36984,-19.28054,-19.43669
499.6,-19.28872,-19.5171,-19.37042,-19.28067,-19.44876
499.7,-19.25502,-19.50395,-19.35174,-19.30145,-19.45034
499.8,-19.29006,-19.50439,-19.32323,-19.28729,-19.43081
499.9,-19.28818,-19.51066,-19.33504,-19.28147,-19.42293
500,-19.30031,-19.49146,-19.33217,-19.31672,-19.41672
500.1,-19.2929,-19.4958,-19.31865,-19.31722,-19.4243
500.2,-19.3034,-19.48157,-19.31208,-19.31283,-19.40896
500.3,-19.29722,-19.4775,-19.31779,-19.30226,-19.38941
500.4,-19.28784,-19.46894,-19.31197,-19.31616,-19.40691
500.5,-19.29095,-19.46476,-19.32751,-19.32015,-19.4323
500.6,-19.279,-19.47815,-19.34892,-19.31158,-19.43434
500.7,-19.28642,-19.46304,-19.34875,-19.30255,-19.43491
500.8,-19.29695,-19.47513,-19.35157,-19.29563,-19.41257
500.9,-19.31578,-19.48163,-19.34571,-19.30774,-19.40342
501,-19.31588,-19.47391,-19.34795,-19.30227,-19.41327
501.1,-19.32572,-19.49156,-19.36157,-19.28003,-19.43161
501.2,-19.30848,-19.50251,-19.36355,-19.29436,-19.44681
501.3,-19.30416,-19.50335,-19.36817,-19.29967,-19.45031
501.4,-19.30339,-19.50091,-19.36996,-19.29342,-19.4464
501.5,-19.32227,-19.49944,-19.37292,-19.30216,-19.42817
501.6,-19.332,-19.48844,-19.3683,-19.32749,-19.41758
501.7,-19.32108,-19.48761,-19.37756,-19.312,-19.39871
501.8,-19.30097,-19.49511,-19.3697,-19.3054,-19.39911
501.9,-19.29586,-19.48893,-19.35924,-19.29601,-19.40798
502,-19.29426,-19.49927,-19.33943,-19.29791,-19.38945
502.1,-19.29632,-19.50759,-19.35506,-19.3013,-19.38726
502.2,-19.29682,-19.50562,-19.35951,-19.28388,-19.32019
502.3,-19.2847,-19.47802,-19.36705,-19.27322,-19.40083
502.4,-19.27621,-19.46243,-19.35429,-19.26024,-19.40414
502.5,-19.28439,-19.45777,-19.3544,-19.23541,-19.42515
502.6,-19.27709,-19.44788,-19.32717,-19.22095,-19.43639
502.7,-19.28837,-19.45291,-19.34146,-19.22469,-19.42651
502.8,-19.26894,-19.44971,-19.34294,-19.21235,-19.45254
502.9,-19.2861,-19.43868,-19.33525,-19.21435,-19.45572
503,-19.28704,-19.42715,-19.32398,-19.19096,-19.48506
503.1,-19.28492,-19.41828,-19.32581,-19.20639,-19.46768
503.2,-19.2954,-19.41918,-19.31868,-19.20642,-19.46277
503.3,-19.25349,-19.4099,-19.30847,-19.20165,-19.48508
503.4,-19.23546,-19.40454,-19.31597,-19.19291,-19.49308
503.5,-19.25214,-19.42272,-19.3215,-19.20647,-19.52032
503.6,-19.25257,-19.41686,-19.32954,-19.22687,-19.50105
503.7,-19.25189,-19.42588,-19.35466,-19.22004,-19.49637
503.8,-19.23653,-19.41909,-19.36125,-19.21585,-19.50434
503.9,-19.23252,-19.39985,-19.36351,-19.20292,-19.49829
504,-19.23139,-19.40102,-19.38463,-19.2242,-19.48348
504.1,-19.20283,-19.39255,-19.36325,-19.23131,-19.49226
504.2,-19.18898,-19.39001,-19.3672,-19.23975,-19.48981
504.3,-19.18888,-19.39539,-19.36638,-19.21782,-19.5166
504.4,-19.17147,-19.39352,-19.34402,-19.21593,-19.49857
504.5,-19.18831,-19.40099,-19.33276,-19.21021,-19.49392
504.6,-19.18092,-19.39325,-19.34572,-19.21534,-19.45922
504.7,-19.18772,-19.39591,-19.35121,-19.23947,-19.47588
504.8,-19.18547,-19.39568,-19.37289,-19.24441,-19.47257
504.9,-19.18978,-19.39005,-19.37997,-19.24969,-19.47315
505,-19.18511,-19.39916,-19.36771,-19.2204,-19.45211
505.1,-19.19037,-19.41998,-19.38459,-19.20487,-19.43968
505.2,-19.20725,-19.39655,-19.38363,-19.19895,-19.43741
505.3,-19.21979,-19.39879,-19.37838,-19.19469,-19.42158
505.4,-19.21538,-19.37962,-19.38903,-19.194,-19.43963
505.5,-19.21386,-19.38444,-19.3938,-19.22901,-19.40615
505.6,-19.19333,-19.39053,-19.40193,-19.24247,-19.39082
505.7,-19.17672,-19.38831,-19.4038,-19.24606,-19.3545
505.8,-19.1906,-19.38609,-19.39104,-19.23742,-19.3321
505.9,-19.19737,-19.37231,-19.39876,-19.25517,-19.33443
506,-19.20777,-19.35507,-19.39882,-19.27672,-19.35027
506.1,-19.19529,-19.3707,-19.40621,-19.2929,-19.33862
506.2,-19.18991,-19.38767,-19.40151,-19.27441,-19.33414
506.3,-19.18487,-19.37575,-19.41148,-19.27144,-19.31041
506.4,-19.20684,-19.39058,-19.40019,-19.27497,-19.30018
506.5,-19.20568,-19.38245,-19.40746,-19.27236,-19.29888
506.6,-19.21492,-19.38616,-19.40649,-19.26826,-19.29004
506.7,-19.20912,-19.37581,-19.42108,-19.26877,-19.29288
506.8,-19.22176,-19.34951,-19.40617,-19.26089,-19.29922
506.9,-19.21888,-19.35608,-19.37094,-19.24645,-19.29665
507,-19.21544,-19.35723,-19.35407,-19.24,-19.2907
507.1,-19.21205,-19.34572,-19.36313,-19.25296,-19.30035
507.2,-19.20914,-19.35349,-19.37413,-19.26235,-19.28488
507.3,-19.21091,-19.35056,-19.37562,-19.26406,-19.28715
507.4,-19.19787,-19.33998,-19.39202,-19.24775,-19.29501
507.5,-19.2129,-19.33846,-19.40183,-19.23724,-19.2835
507.6,-19.23158,-19.3413,-19.38682,-19.2348,-19.2987
507.7,-19.24682,-19.34896,-19.35224,-19.2249,-19.29619
507.8,-19.23,-19.34142,-19.37555,-19.22158,-19.32251
507.9,-19.22812,-19.32985,-19.39008,-19.21726,-19.34755
508,-19.23978,-19.35166,-19.38219,-19.23918,-19.32141
508.1,-19.22144,-19.36913,-19.39031,-19.25192,-19.30706
508.2,-19.23321,-19.37092,-19.37814,-19.25808,-19.30019
508.3,-19.25826,-19.34983,-19.37914,-19.26607,-19.33513
508.4,-19.24377,-19.34791,-19.38516,-19.25069,-19.3437
508.5,-19.26886,-19.35025,-19.38065,-19.23375,-19.35998
508.6,-19.25182,-19.37359,-19.37751,-19.24788,-19.35227
508.7,-19.27601,-19.36825,-19.3935,-19.24958,-19.36035
508.8,-19.28968,-19.38911,-19.39297,-19.25944,-19.3724
508.9,-19.30009,-19.37189,-19.37846,-19.26194,-19.34679
509,-19.29126,-19.34486,-19.35693,-19.24254,-19.33933
509.1,-19.28195,-19.3585,-19.34138,-19.2489,-19.34066
509.2,-19.27073,-19.37481,-19.35347,-19.22067,-19.34782
509.3,-19.27241,-19.38163,-19.36335,-19.22055,-19.35716
509.4,-19.25215,-19.39226,-19.37695,-19.2205,-19.36218
509.5,-19.27193,-19.39222,-19.36902,-19.22362,-19.34833
509.6,-19.25321,-19.40414,-19.37193,-19.22833,-19.36266
509.7,-19.24624,-19.41386,-19.35732,-19.24476,-19.361
509.8,-19.27448,-19.41146,-19.36983,-19.27085,-19.37568
509.9,-19.27136,-19.42716,-19.36997,-19.27244,-19.39207
510,-19.26733,-19.42582,-19.39535,-19.25663,-19.41021
510.1,-19.26306,-19.41596,-19.40435,-19.26584,-19.39843
510.2,-19.26432,-19.42448,-19.41261,-19.26544,-19.37545
510.3,-19.28657,-19.37852,-19.42749,-19.25036,-19.36454
510.4,-19.27504,-19.38006,-19.41804,-19.27857,-19.35388
510.5,-19.27315,-19.39958,-19.42323,-19.31182,-19.35494
510.6,-19.29644,-19.39229,-19.40926,-19.3177,-19.34484
510.7,-19.29767,-19.37131,-19.40489,-19.31631,-19.32848
510.8,-19.29166,-19.38212,-19.40087,-19.31824,-19.35367
510.9,-19.27525,-19.39678,-19.39393,-19.29453,-19.35625
511,-19.27956,-19.41644,-19.38143,-19.28625,-19.32307
511.1,-19.26234,-19.42486,-19.41515,-19.29979,-19.3221
511.2,-19.2584,-19.41795,-19.41531,-19.29622,-19.30847
511.3,-19.28355,-19.40395,-19.41483,-19.29782,-19.29343
511.4,-19.27346,-19.42384,-19.41094,-19.29222,-19.31309
511.5,-19.26454,-19.42292,-19.40587,-19.27389,-19.32249
511.6,-19.25624,-19.45669,-19.41114,-19.2789,-19.32003
511.7,-19.25154,-19.47285,-19.39353,-19.26555,-19.31787
511.8,-19.24655,-19.44888,-19.39049,-19.26263,-19.30411
511.9,-19.23999,-19.44608,-19.38802,-19.27651,-19.30977
512,-19.23755,-19.45894,-19.38102,-19.264,-19.31144
512.1,-19.25181,-19.45424,-19.38381,-19.26993,-19.3266
512.2,-19.24581,-19.45784,-19.37909,-19.2518,-19.32339
512.3,-19.2671,-19.46251,-19.39125,-19.23301,-19.30488
512.4,-19.26401,-19.4826,-19.40719,-19.23159,-19.30617
512.5,-19.27396,-19.48745,-19.41438,-19.23219,-19.28147
512.6,-19.26546,-19.48124,-19.42229,-19.23764,-19.27587
512.7,-19.28053,-19.4836,-19.41295,-19.21531,-19.25271
512.8,-19.26441,-19.48738,-19.40094,-19.22945,-19.25948
512.9,-19.26992,-19.47982,-19.41662,-19.23225,-19.27166
513,-19.27256,-19.48292,-19.40929,-19.23569,-19.29664
513.1,-19.26759,-19.46119,-19.41968,-19.23906,-19.29538
513.2,-19.26398,-19.44727,-19.41718,-19.24938,-19.2871
513.3,-19.2515,-19.45926,-19.42684,-19.24607,-19.31701
513.4,-19.24346,-19.4577,-19.40421,-19.25288,-19.31717
513.5,-19.24357,-19.46532,-19.42406,-19.2823,-19.30443
513.6,-19.24142,-19.47854,-19.41487,-19.25481,-19.31452
513.7,-19.1973,-19.48286,-19.40317,-19.25745,-19.32847
513.8,-19.20796,-19.46399,-19.3945,-19.26254,-19.34352
513.9,-19.19725,-19.45045,-19.36978,-19.25543,-19.32895
514,-19.21251,-19.46009,-19.35563,-19.25523,-19.324
514.1,-19.2299,-19.47711,-19.32704,-19.25263,-19.31282
514.2,-19.25126,-19.4835,-19.34701,-19.25728,-19.28338
514.3,-19.25429,-19.47891,-19.35103,-19.24327,-19.28883
514.4,-19.26671,-19.47953,-19.3545,-19.2583,-19.2838
514.5,-19.24431,-19.46784,-19.34958,-19.26671,-19.28371
514.6,-19.23596,-19.4745,-19.35034,-19.25997,-19.27587
514.7,-19.24672,-19.47874,-19.35166,-19.26416,-19.25567
514.8,-19.24822,-19.49018,-19.3639,-19.29155,-19.2288
514.9,-19.25603,-19.48102,-19.38939,-19.28083,-19.17691
515,-19.26147,-19.49349,-19.38761,-19.28837,-19.2998
515.1,-19.26167,-19.49598,-19.38861,-19.30306,-19.31285
515.2,-19.28141,-19.48315,-19.3884,-19.30868,-19.31158
515.3,-19.28435,-19.47692,-19.37917,-19.32554,-19.32001
515.4,-19.26232,-19.4765,-19.38319,-19.31286,-19.32246
515.5,-19.25152,-19.45853,-19.39514,-19.30795,-19.33885
515.6,-19.2518,-19.47328,-19.38324,-19.30828,-19.34379
515.7,-19.25319,-19.48053,-19.35534,-19.31236,-19.36338
515.8,-19.25855,-19.48379,-19.34127,-19.29676,-19.35503
515.9,-19.26812,-19.48936,-19.32528,-19.30496,-19.34689
516,-19.26916,-19.47614,-19.31758,-19.29169,-19.38115
516.1,-19.26816,-19.46109,-19.35436,-19.2623,-19.379
516.2,-19.27447,-19.459,-19.35449,-19.29392,-19.38877
516.3,-19.26106,-19.45083,-19.33796,-19.29332,-19.39004
516.4,-19.25784,-19.45697,-19.32798,-19.2857,-19.39022
516.5,-19.26466,-19.46383,-19.33,-19.31064,-19.39075
516.6,-19.26827,-19.45946,-19.33781,-19.32684,-19.4002
516.7,-19.27814,-19.4597,-19.32517,-19.35449,-19.40483
516.8,-19.28049,-19.44807,-19.32355,-19.35138,-19.38501
516.9,-19.27669,-19.4076,-19.32874,-19.36239,-19.37141
517,-19.26367,-19.39746,-19.33983,-19.38322,-19.3571
517.1,-19.27384,-19.40362,-19.3497,-19.39528,-19.34939
517.2,-19.30566,-19.37777,-19.35233,-19.39212,-19.35601
517.3,-19.30718,-19.40381,-19.33549,-19.4093,-19.35953
517.4,-19.29556,-19.39708,-19.32448,-19.43078,-19.37432
517.5,-19.29267,-19.40974,-19.30842,-19.4303,-19.3829
517.6,-19.3006,-19.39418,-19.33759,-19.43134,-19.3958
517.7,-19.32173,-19.39622,-19.32381,-19.4415,-19.40043
517.8,-19.30492,-19.39458,-19.30989,-19.44306,-19.40117
517.9,-19.3001,-19.40746,-19.32316,-19.42871,-19.39577
518,-19.30466,-19.38079,-19.30391,-19.4047,-19.39009
518.1,-19.32377,-19.38603,-19.31764,-19.41028,-19.40905
518.2,-19.33897,-19.3973,-19.32007,-19.42559,-19.41907
518.3,-19.34698,-19.37541,-19.30954,-19.42082,-19.40828
518.4,-19.33297,-19.37278,-19.30463,-19.41956,-19.39505
518.5,-19.3351,-19.39914,-19.30911,-19.42005,-19.40566
518.6,-19.32398,-19.40937,-19.3233,-19.43016,-19.39474
518.7,-19.31382,-19.38683,-19.32223,-19.40861,-19.36747
518.8,-19.29635,-19.39324,-19.31313,-19.40346,-19.37905
518.9,-19.28985,-19.37674,-19.3179,-19.38786,-19.37129
519,-19.30393,-19.40077,-19.31276,-19.3936,-19.35861
519.1,-19.28915,-19.41339,-19.3099,-19.39243,-19.34516
519.2,-19.27847,-19.39509,-19.31978,-19.40456,-19.34351
519.3,-19.24812,-19.38357,-19.30699,-19.40105,-19.34976
519.4,-19.24952,-19.38087,-19.33331,-19.40833,-19.34978
519.5,-19.26187,-19.37548,-19.32422,-19.41787,-19.34329
519.6,-19.279,-19.38175,-19.31583,-19.4055,-19.33366
519.7,-19.25461,-19.41519,-19.3122,-19.40788,-19.32866
519.8,-19.24382,-19.41125,-19.31524,-19.38206,-19.33513
519.9,-19.25366,-19.41421,-19.32849,-19.37745,-19.34645
520,-19.24356,-19.42832,-19.33821,-19.40045,-19.33543
520.1,-19.23678,-19.43836,-19.34656,-19.42582,-19.33339
520.2,-19.2369,-19.4413,-19.35985,-19.4376,-19.32822
520.3,-19.23974,-19.41844,-19.36281,-19.43547,-19.32465
520.4,-19.22258,-19.41933,-19.37089,-19.4208,-19.31734
520.5,-19.24885,-19.462,-19.33663,-19.4427,-19.3125
520.6,-19.23468,-19.43348,-19.31765,-19.45287,-19.30927
520.7,-19.26122,-19.41103,-19.3093,-19.44101,-19.30059
520.8,-19.25303,-19.3986,-19.30345,-19.44047,-19.29642
520.9,-19.2379,-19.39318,-19.30985,-19.42635,-19.3064
521,-19.2258,-19.40095,-19.31806,-19.42465,-19.29814
521.1,-19.23516,-19.37378,-19.34516,-19.41373,-19.30792
521.2,-19.20714,-19.36562,-19.34146,-19.41755,-19.29591
521.3,-19.23417,-19.37122,-19.33539,-19.40806,-19.30541
521.4,-19.23575,-19.37739,-19.33086,-19.40715,-19.29311
521.5,-19.25961,-19.3644,-19.30459,-19.39825,-19.30221
521.6,-19.27669,-19.36911,-19.31248,-19.38834,-19.29177
521.7,-19.26309,-19.3679,-19.31024,-19.37528,-19.29099
521.8,-19.25227,-19.349,-19.34496,-19.37052,-19.25911
521.9,-19.24775,-19.32439,-19.36048,-19.36377,-19.27758
522,-19.24801,-19.33259,-19.35051,-19.36841,-19.28049
522.1,-19.23735,-19.31889,-19.36064,-19.36318,-19.26742
522.2,-19.25977,-19.33266,-19.35698,-19.37717,-19.28201
522.3,-19.25271,-19.34255,-19.37304,-19.38608,-19.28359
522.4,-19.23321,-19.36468,-19.3672,-19.38401,-19.27971
522.5,-19.23011,-19.35075,-19.35161,-19.40484,-19.28251
522.6,-19.22967,-19.35524,-19.34137,-19.41589,-19.26586
522.7,-19.24039,-19.35493,-19.35527,-19.4053,-19.26763
522.8,-19.24728,-19.33126,-19.34599,-19.38686,-19.27694
522.9,-19.22771,-19.32228,-19.35249,-19.38013,-19.30569
523,-19.22941,-19.32837,-19.33306,-19.37306,-19.30687
523.1,-19.19735,-19.32759,-19.3306,-19.37664,-19.3208
523.2,-19.20053,-19.28377,-19.33393,-19.38719,-19.33479
523.3,-19.19488,-19.26317,-19.32344,-19.36807,-19.32774
523.4,-19.21224,-19.2553,-19.33272,-19.3636,-19.33478
523.5,-19.20007,-19.27075,-19.33113,-19.35349,-19.32759
523.6,-19.19302,-19.2607,-19.33825,-19.36404,-19.33326
523.7,-19.18879,-19.25553,-19.35454,-19.37401,-19.34386
523.8,-19.18774,-19.25276,-19.36699,-19.35756,-19.33665
523.9,-19.18345,-19.2757,-19.3842,-19.35952,-19.33704
524,-19.21375,-19.28822,-19.37344,-19.35651,-19.32398
524.1,-19.20587,-19.29308,-19.38459,-19.3599,-19.33586
524.2,-19.20088,-19.28394,-19.36994,-19.35599,-19.34332
524.3,-19.20388,-19.28765,-19.36923,-19.37281,-19.35852
524.4,-19.21756,-19.31349,-19.37485,-19.38932,-19.35055
524.5,-19.21791,-19.34657,-19.37162,-19.37382,-19.35429
524.6,-19.21226,-19.33421,-19.36831,-19.38919,-19.36214
524.7,-19.22992,-19.31428,-19.3916,-19.3814,-19.35972
524.8,-19.21129,-19.32826,-19.39643,-19.36828,-19.33987
524.9,-19.23708,-19.33608,-19.39661,-19.34682,-19.32037
525,-19.23324,-19.3317,-19.39941,-19.35732,-19.31214
525.1,-19.22943,-19.30703,-19.40072,-19.3336,-19.32472
525.2,-19.20239,-19.31632,-19.38669,-19.33381,-19.30778
525.3,-19.21136,-19.3284,-19.38296,-19.30404,-19.29278
525.4,-19.20742,-19.32319,-19.35161,-19.29394,-19.30971
525.5,-19.21125,-19.32181,-19.33134,-19.30209,-19.31206
525.6,-19.21427,-19.3094,-19.33047,-19.28581,-19.29603
525.7,-19.21561,-19.29243,-19.2892,-19.30846,-19.27395
525.8,-19.21734,-19.29406,-19.26558,-19.31117,-19.27877
525.9,-19.2231,-19.30233,-19.26348,-19.31769,-19.2742
526,-19.22779,-19.28796,-19.26833,-19.32157,-19.26231
526.1,-19.2333,-19.27944,-19.25693,-19.32618,-19.27463
526.2,-19.23501,-19.30167,-19.26532,-19.31889,-19.26378
526.3,-19.23289,-19.30727,-19.24781,-19.33662,-19.26276
526.4,-19.21434,-19.30126,-19.26984,-19.33809,-19.26215
526.5,-19.21761,-19.31453,-19.2542,-19.34323,-19.2653
526.6,-19.22223,-19.31242,-19.25679,-19.32008,-19.26356
526.7,-19.23822,-19.3168,-19.24912,-19.33277,-19.24296
526.8,-19.25141,-19.33596,-19.2658,-19.3228,-19.239
526.9,-19.24424,-19.33402,-19.23431,-19.31802,-19.245
527,-19.2416,-19.34529,-19.21878,-19.31427,-19.23677
527.1,-19.22797,-19.34018,-19.22292,-19.30579,-19.23628
527.2,-19.24888,-19.31923,-19.23128,-19.32574,-19.22741
527.3,-19.23882,-19.30838,-19.21519,-19.30319,-19.23786
527.4,-19.24411,-19.2958,-19.2255,-19.31581,-19.24496
527.5,-19.25018,-19.32351,-19.24003,-19.33237,-19.26125
527.6,-19.25458,-19.30283,-19.23774,-19.33053,-19.23737
527.7,-19.25253,-19.30322,-19.23386,-19.32958,-19.24298
527.8,-19.24665,-19.30019,-19.22647,-19.35079,-19.22554
527.9,-19.27595,-19.27366,-19.23793,-19.34631,-19.21928
528,-19.27131,-19.28083,-19.24132,-19.34548,-19.21787
528.1,-19.29017,-19.24154,-19.25104,-19.36495,-19.20591
528.2,-19.29334,-19.234,-19.249,-19.36486,-19.21115
528.3,-19.302,-19.23683,-19.26285,-19.34852,-19.20065
528.4,-19.29189,-19.23784,-19.25844,-19.35474,-19.17705
528.5,-19.29442,-19.22052,-19.25414,-19.33454,-19.19351
528.6,-19.29972,-19.21771,-19.26439,-19.33097,-19.20417
528.7,-19.29207,-19.24726,-19.25114,-19.3115,-19.19879
528.8,-19.29879,-19.23529,-19.23448,-19.31824,-19.20598
528.9,-19.30484,-19.22919,-19.23391,-19.30743,-19.20951
529,-19.29979,-19.24984,-19.24425,-19.30287,-19.22519
529.1,-19.26825,-19.25239,-19.24894,-19.30131,-19.24974
529.2,-19.27554,-19.24582,-19.23537,-19.3091,-19.26193
529.3,-19.26556,-19.25578,-19.21877,-19.32785,-19.27776
529.4,-19.27749,-19.24844,-19.21427,-19.31284,-19.27715
529.5,-19.28527,-19.24509,-19.19318,-19.32088,-19.29209
529.6,-19.28091,-19.26112,-19.1942,-19.32611,-19.31272
529.7,-19.26663,-19.27738,-19.18007,-19.34438,-19.33492
529.8,-19.24636,-19.28249,-19.17478,-19.3551,-19.3355
529.9,-19.23693,-19.25705,-19.17337,-19.33381,-19.35287
530,-19.2413,-19.2757,-19.17599,-19.31296,-19.34205
530.1,-19.23374,-19.27849,-19.1645,-19.3323,-19.33628
530.2,-19.21249,-19.29543,-19.16015,-19.31803,-19.32821
530.3,-19.22995,-19.27424,-19.16316,-19.32418,-19.33269
530.4,-19.22371,-19.27977,-19.16811,-19.31305,-19.31307
530.5,-19.21858,-19.26527,-19.16979,-19.32021,-19.32562
530.6,-19.22914,-19.251,-19.15765,-19.30716,-19.34206
530.7,-19.2301,-19.23363,-19.16552,-19.29709,-19.34368
530.8,-19.22804,-19.34278,-19.16668,-19.28382,-19.33702
530.9,-19.22709,-19.36435,-19.16408,-19.29958,-19.34726
531,-19.24105,-19.38368,-19.17127,-19.27046,-19.3584
531.1,-19.2587,-19.39453,-19.18169,-19.26735,-19.35566
531.2,-19.25404,-19.41136,-19.16585,-19.2901,-19.33346
531.3,-19.21922,-19.41213,-19.175,-19.27653,-19.36004
531.4,-19.22842,-19.4036,-19.19478,-19.27538,-19.36357
531.5,-19.2287,-19.38659,-19.19818,-19.27439,-19.36003
531.6,-19.23496,-19.38956,-19.22625,-19.27676,-19.35353
531.7,-19.24346,-19.39234,-19.23987,-19.27052,-19.38711
531.8,-19.24148,-19.38941,-19.23187,-19.26515,-19.40911
531.9,-19.24002,-19.39894,-19.22462,-19.26802,-19.40518
532,-19.2118,-19.39684,-19.23447,-19.26242,-19.40819
532.1,-19.21547,-19.36891,-19.22534,-19.23207,-19.42842
532.2,-19.21069,-19.37723,-19.22674,-19.22483,-19.4404
532.3,-19.21,-19.37051,-19.21578,-19.21675,-19.46547
532.4,-19.17854,-19.37377,-19.22415,-19.20751,-19.47011
532.5,-19.17736,-19.36999,-19.21798,-19.21624,-19.48367
532.6,-19.17249,-19.34601,-19.20339,-19.20849,-19.48652
532.7,-19.18893,-19.33989,-19.20234,-19.20125,-19.46448
532.8,-19.18822,-19.34877,-19.19349,-19.21069,-19.45135
532.9,-19.1955,-19.31893,-19.22259,-19.22153,-19.4323
533,-19.21551,-19.3508,-19.20212,-19.24459,-19.40926
533.1,-19.22552,-19.34763,-19.18871,-19.25179,-19.40782
533.2,-19.23951,-19.35325,-19.18016,-19.28371,-19.40497
533.3,-19.21932,-19.33968,-19.16185,-19.27571,-19.4132
533.4,-19.21806,-19.31977,-19.17457,-19.25765,-19.38914
533.5,-19.21459,-19.30623,-19.17412,-19.25676,-19.38829
533.6,-19.23253,-19.31146,-19.1664,-19.26216,-19.38716
533.7,-19.23994,-19.31326,-19.16226,-19.27774,-19.43273
533.8,-19.24403,-19.31904,-19.1962,-19.27614,-19.441
533.9,-19.24702,-19.30792,-19.20554,-19.2808,-19.43163
534,-19.24391,-19.30478,-19.1953,-19.26652,-19.40962
534.1,-19.2638,-19.3096,-19.1952,-19.27737,-19.42178
534.2,-19.27364,-19.2931,-19.19567,-19.27783,-19.42484
534.3,-19.2767,-19.28835,-19.20187,-19.28345,-19.43492
534.4,-19.31331,-19.32353,-19.20778,-19.26134,-19.41886
534.5,-19.31243,-19.32009,-19.21095,-19.23787,-19.41825
534.6,-19.32584,-19.31167,-19.2336,-19.22653,-19.40432
534.7,-19.34129,-19.28151,-19.23609,-19.22399,-19.41075
534.8,-19.33177,-19.28944,-19.23514,-19.21777,-19.41181
534.9,-19.33089,-19.27711,-19.20558,-19.21549,-19.41316
535,-19.35245,-19.25189,-19.21217,-19.23145,-19.39648
535.1,-19.34943,-19.25472,-19.21555,-19.21429,-19.3908
535.2,-19.37036,-19.22698,-19.21521,-19.20015,-19.40033
535.3,-19.35029,-19.21048,-19.21581,-19.18576,-19.38819
535.4,-19.35538,-19.21086,-19.23846,-19.28115,-19.3901
535.5,-19.38537,-19.20328,-19.23489,-19.28488,-19.39136
535.6,-19.39706,-19.18408,-19.23125,-19.31088,-19.37145
535.7,-19.40509,-19.1971,-19.26682,-19.31446,-19.36303
535.8,-19.39162,-19.20267,-19.26263,-19.31971,-19.35937
535.9,-19.40319,-19.20275,-19.26482,-19.32901,-19.3607
536,-19.3949,-19.20289,-19.24386,-19.30427,-19.35905
536.1,-19.39038,-19.21754,-19.25695,-19.31433,-19.37983
536.2,-19.40227,-19.23176,-19.26103,-19.30809,-19.37008
536.3,-19.40388,-19.25405,-19.25242,-19.29496,-19.38391
536.4,-19.41215,-19.25152,-19.26081,-19.28686,-19.40644
536.5,-19.39458,-19.25298,-19.27076,-19.2874,-19.37403
536.6,-19.40315,-19.27395,-19.26409,-19.28998,-19.3695
536.7,-19.38099,-19.26753,-19.23817,-19.27848,-19.35458
536.8,-19.38327,-19.25908,-19.24185,-19.27431,-19.34507
536.9,-19.37821,-19.26792,-19.22918,-19.29303,-19.35326
537,-19.37895,-19.25021,-19.21779,-19.28416,-19.37405
537.1,-19.36994,-19.23314,-19.21132,-19.28759,-19.37334
537.2,-19.3715,-19.2161,-19.18967,-19.29564,-19.3893
537.3,-19.37708,-19.19304,-19.18363,-19.28361,-19.39104
537.4,-19.38924,-19.21567,-19.16865,-19.27609,-19.38078
537.5,-19.40032,-19.21021,-19.18917,-19.30604,-19.38641
537.6,-19.40201,-19.20678,-19.20216,-19.29574,-19.37615
537.7,-19.40229,-19.21038,-19.18738,-19.30142,-19.39107
537.8,-19.4154,-19.21421,-19.15953,-19.29217,-19.39474
537.9,-19.40935,-19.20632,-19.1391,-19.2816,-19.39193
538,-19.42622,-19.21609,-19.16119,-19.27894,-19.39754
538.1,-19.42534,-19.2078,-19.16148,-19.27568,-19.38635
538.2,-19.44876,-19.2036,-19.14204,-19.28981,-19.38612
538.3,-19.4406,-19.20304,-19.14273,-19.29721,-19.36575
538.4,-19.44325,-19.22157,-19.13823,-19.28171,-19.35269
538.5,-19.44503,-19.21493,-19.15049,-19.2913,-19.35378
538.6,-19.45533,-19.20522,-19.15722,-19.30459,-19.3351
538.7,-19.47453,-19.19383,-19.14112,-19.30617,-19.36003
538.8,-19.43518,-19.21429,-19.14428,-19.30227,-19.36746
538.9,-19.422,-19.22628,-19.13091,-19.31186,-19.37323
539,-19.42638,-19.23323,-19.14291,-19.30908,-19.36344
539.1,-19.43235,-19.24273,-19.133,-19.29951,-19.34456
539.2,-19.41524,-19.24392,-19.18582,-19.29956,-19.34167
539.3,-19.41484,-19.2331,-19.1954,-19.30786,-19.33241
539.4,-19.40704,-19.24278,-19.2141,-19.3188,-19.32949
539.5,-19.39995,-19.23459,-19.21777,-19.33171,-19.36165
539.6,-19.38086,-19.21446,-19.20158,-19.33045,-19.36326
539.7,-19.36413,-19.22114,-19.19525,-19.34586,-19.34499
539.8,-19.35786,-19.22005,-19.19844,-19.34107,-19.3466
539.9,-19.38028,-19.22694,-19.19498,-19.34452,-19.33012
540,-19.35727,-19.23483,-19.20924,-19.34064,-19.316
540.1,-19.36231,-19.23322,-19.21464,-19.34602,-19.33438
540.2,-19.35401,-19.2387,-19.19076,-19.33925,-19.34236
540.3,-19.35758,-19.24374,-19.18891,-19.32202,-19.35782
540.4,-19.37445,-19.24814,-19.17785,-19.33046,-19.34728
540.5,-19.34818,-19.27476,-19.19644,-19.32844,-19.33583
540.6,-19.34979,-19.28478,-19.18625,-19.34325,-19.34807
540.7,-19.35716,-19.30341,-19.19278,-19.3646,-19.33148
540.8,-19.37519,-19.30605,-19.18259,-19.35008,-19.33135
540.9,-19.37549,-19.33628,-19.19469,-19.33107,-19.36574
541,-19.40486,-19.34743,-19.21366,-19.32517,-19.36248
541.1,-19.40768,-19.33281,-19.2106,-19.32465,-19.36111
541.2,-19.42054,-19.33988,-19.21681,-19.31053,-19.36514
541.3,-19.42751,-19.33464,-19.21599,-19.29981,-19.35889
541.4,-19.42111,-19.34952,-19.21998,-19.30899,-19.34548
541.5,-19.43012,-19.31914,-19.20272,-19.32537,-19.34187
541.6,-19.43494,-19.32923,-19.19489,-19.33033,-19.34268
541.7,-19.44259,-19.31135,-19.19547,-19.33648,-19.34296
541.8,-19.426,-19.30555,-19.18071,-19.36312,-19.34543
541.9,-19.42174,-19.31217,-19.17019,-19.34872,-19.34207
542,-19.44382,-19.29536,-19.19559,-19.34044,-19.32838
542.1,-19.44076,-19.30112,-19.20778,-19.32951,-19.33395
542.2,-19.4376,-19.30813,-19.21493,-19.3102,-19.36236
542.3,-19.43053,-19.31432,-19.21877,-19.29689,-19.35474
542.4,-19.44605,-19.29993,-19.22896,-19.31197,-19.35908
542.5,-19.45938,-19.27537,-19.21179,-19.33308,-19.37406
542.6,-19.45984,-19.2435,-19.18512,-19.30772,-19.37937
542.7,-19.47162,-19.36158,-19.1867,-19.31749,-19.35611
542.8,-19.48007,-19.3768,-19.2011,-19.31376,-19.37805
542.9,-19.4854,-19.39435,-19.1887,-19.29694,-19.36417
543,-19.47087,-19.40792,-19.18934,-19.29469,-19.37167
543.1,-19.48682,-19.39285,-19.19917,-19.2866,-19.3668
543.2,-19.47825,-19.37274,-19.19104,-19.27149,-19.36552
543.3,-19.46811,-19.38016,-19.17269,-19.2514,-19.37401
543.4,-19.48763,-19.38306,-19.18869,-19.2472,-19.37749
543.5,-19.4888,-19.39123,-19.19472,-19.26075,-19.37082
543.6,-19.49957,-19.37721,-19.19641,-19.2701,-19.37687
543.7,-19.49687,-19.37057,-19.19905,-19.28077,-19.37259
543.8,-19.48643,-19.35017,-19.19118,-19.27067,-19.35981
543.9,-19.49635,-19.32878,-19.19807,-19.27768,-19.3718
544,-19.48205,-19.32047,-19.18497,-19.27833,-19.35858
544.1,-19.46189,-19.33457,-19.1535,-19.28539,-19.37715
544.2,-19.46512,-19.34673,-19.14962,-19.28213,-19.37143
544.3,-19.46764,-19.35588,-19.13673,-19.26889,-19.37788
544.4,-19.45864,-19.38291,-19.12153,-19.2605,-19.38344
544.5,-19.45859,-19.42408,-19.22421,-19.26545,-19.38574
544.6,-19.45915,-19.41455,-19.22531,-19.27424,-19.39653
544.7,-19.4817,-19.42016,-19.23228,-19.26616,-19.39714
544.8,-19.47857,-19.41259,-19.23259,-19.26668,-19.41012
544.9,-19.48646,-19.42466,-19.25566,-19.24845,-19.40618
545,-19.4657,-19.41616,-19.27363,-19.23137,-19.40641
545.1,-19.44132,-19.40375,-19.28503,-19.21938,-19.39463
545.2,-19.43478,-19.40673,-19.27746,-19.20922,-19.40309
545.3,-19.45144,-19.41577,-19.27196,-19.21977,-19.40966
545.4,-19.43779,-19.40212,-19.29,-19.22823,-19.41102
545.5,-19.44164,-19.40891,-19.29098,-19.2271,-19.40688
545.6,-19.40418,-19.38947,-19.30459,-19.22742,-19.41069
545.7,-19.3895,-19.39365,-19.30934,-19.24275,-19.40879
545.8,-19.38528,-19.39088,-19.3055,-19.2277,-19.40662
545.9,-19.39305,-19.39328,-19.30945,-19.21249,-19.40818
546,-19.36254,-19.39039,-19.32513,-19.2237,-19.36962
546.1,-19.36121,-19.37112,-19.30476,-19.22953,-19.37274
546.2,-19.33274,-19.38266,-19.30867,-19.20968,-19.38373
546.3,-19.34253,-19.35539,-19.32107,-19.2093,-19.38707
546.4,-19.35119,-19.36625,-19.30145,-19.19669,-19.38629
546.5,-19.38102,-19.34886,-19.28607,-19.2139,-19.37726
546.6,-19.40436,-19.37739,-19.28812,-19.19386,-19.37514
546.7,-19.40741,-19.36603,-19.26502,-19.19245,-19.3595
546.8,-19.42195,-19.36118,-19.26122,-19.19237,-19.36955
546.9,-19.41545,-19.36926,-19.24822,-19.20683,-19.35113
547,-19.43703,-19.36831,-19.25313,-19.19973,-19.34995
547.1,-19.42782,-19.36419,-19.2707,-19.21079,-19.36342
547.2,-19.42119,-19.3494,-19.28186,-19.18433,-19.35137
547.3,-19.40792,-19.38769,-19.26722,-19.19554,-19.36334
547.4,-19.41534,-19.37563,-19.26203,-19.17405,-19.37632
547.5,-19.39069,-19.34833,-19.25333,-19.17485,-19.4074
547.6,-19.3969,-19.36868,-19.25426,-19.17725,-19.4236
547.7,-19.38725,-19.35807,-19.25341,-19.17826,-19.42204
547.8,-19.37695,-19.35916,-19.23957,-19.16651,-19.39973
547.9,-19.375,-19.34208,-19.21582,-19.16497,-19.3988
548,-19.38331,-19.33845,-19.22948,-19.14102,-19.407
548.1,-19.40477,-19.3336,-19.21422,-19.14805,-19.39317
548.2,-19.39108,-19.33484,-19.24914,-19.16641,-19.38028
548.3,-19.3665,-19.31173,-19.22564,-19.17748,-19.38787
548.4,-19.3368,-19.3042,-19.22185,-19.16677,-19.38441
548.5,-19.34223,-19.3217,-19.23284,-19.17471,-19.37947
548.6,-19.32004,-19.29334,-19.21759,-19.18049,-19.38924
548.7,-19.32248,-19.26645,-19.22067,-19.20318,-19.40288
548.8,-19.32263,-19.26689,-19.20961,-19.21682,-19.3752
548.9,-19.32414,-19.27068,-19.20806,-19.18555,-19.3888
549,-19.33756,-19.25421,-19.19804,-19.19204,-19.3717
549.1,-19.34844,-19.26805,-19.2067,-19.16414,-19.40079
549.2,-19.3393,-19.27926,-19.21423,-19.17119,-19.3801
549.3,-19.34068,-19.28512,-19.20654,-19.17054,-19.34946
549.4,-19.34392,-19.2833,-19.21752,-19.16353,-19.35745
549.5,-19.35009,-19.26927,-19.22331,-19.1702,-19.36146
549.6,-19.34857,-19.28156,-19.2265,-19.16935,-19.36431
549.7,-19.34165,-19.29721,-19.23641,-19.16053,-19.3824
549.8,-19.33611,-19.28628,-19.21635,-19.16688,-19.37791
549.9,-19.33945,-19.28095,-19.21121,-19.18326,-19.38755
550,-19.33188,-19.29706,-19.20415,-19.18601,-19.3882
550.1,-19.32461,-19.2948,-19.22976,-19.19281,-19.40055
550.2,-19.33986,-19.29594,-19.23945,-19.19289,-19.36892
550.3,-19.33374,-19.32613,-19.25834,-19.17778,-19.37686
550.4,-19.33463,-19.34477,-19.25492,-19.17937,-19.35768
550.5,-19.33656,-19.33607,-19.22459,-19.18258,-19.34853
550.6,-19.32576,-19.32299,-19.24087,-19.15677,-19.33184
550.7,-19.3032,-19.32025,-19.24454,-19.14911,-19.34681
550.8,-19.29519,-19.31809,-19.25403,-19.16553,-19.32471
550.9,-19.28614,-19.31175,-19.23737,-19.1732,-19.32192
551,-19.27247,-19.32469,-19.23446,-19.17857,-19.31404
551.1,-19.28606,-19.33435,-19.23104,-19.19142,-19.31075
551.2,-19.3145,-19.33314,-19.23086,-19.19184,-19.28836
551.3,-19.31821,-19.33048,-19.21773,-19.17174,-19.31349
551.4,-19.3262,-19.3258,-19.25302,-19.17441,-19.32281
551.5,-19.33522,-19.30639,-19.25005,-19.19679,-19.32163
551.6,-19.34979,-19.29496,-19.22598,-19.22939,-19.34959
551.7,-19.35562,-19.2556,-19.24055,-19.21678,-19.35036
551.8,-19.38477,-19.25527,-19.22861,-19.19671,-19.32323
551.9,-19.39058,-19.27241,-19.22382,-19.21151,-19.31645
552,-19.36572,-19.29573,-19.22146,-19.20483,-19.32057
552.1,-19.35492,-19.31305,-19.20231,-19.1944,-19.32252
552.2,-19.33403,-19.29306,-19.21086,-19.19429,-19.29825
552.3,-19.33899,-19.26548,-19.22595,-19.22649,-19.31027
552.4,-19.35389,-19.27558,-19.20612,-19.22318,-19.33014
552.5,-19.34524,-19.28292,-19.20252,-19.19525,-19.33013
552.6,-19.3531,-19.27816,-19.19773,-19.19226,-19.31465
552.7,-19.36486,-19.28181,-19.19314,-19.19754,-19.32569
552.8,-19.3714,-19.2767,-19.19253,-19.20152,-19.33148
552.9,-19.3818,-19.27454,-19.21674,-19.19939,-19.32264
553,-19.36827,-19.25724,-19.2001,-19.22751,-19.29948
553.1,-19.35903,-19.26526,-19.20838,-19.20951,-19.32604
553.2,-19.35954,-19.26133,-19.20263,-19.20171,-19.32465
553.3,-19.35792,-19.27486,-19.17662,-19.20553,-19.33533
553.4,-19.36907,-19.28746,-19.16829,-19.182,-19.33818
553.5,-19.36182,-19.2858,-19.20361,-19.18301,-19.33937
553.6,-19.35635,-19.29237,-19.19811,-19.17972,-19.32971
553.7,-19.33761,-19.31248,-19.19918,-19.1775,-19.32982
553.8,-19.32689,-19.29725,-19.22527,-19.16662,-19.31183
553.9,-19.33366,-19.30537,-19.24277,-19.17349,-19.33619
554,-19.33148,-19.30091,-19.24127,-19.17686,-19.31938
554.1,-19.33181,-19.29895,-19.23857,-19.17263,-19.31132
554.2,-19.35396,-19.30389,-19.24679,-19.17191,-19.33171
554.3,-19.35095,-19.29599,-19.21792,-19.15008,-19.34789
554.4,-19.3514,-19.29388,-19.22314,-19.13088,-19.31571
554.5,-19.33226,-19.29758,-19.20668,-19.10982,-19.30676
554.6,-19.33432,-19.31771,-19.22893,-19.14919,-19.30038
554.7,-19.31763,-19.31918,-19.2328,-19.17474,-19.31095
554.8,-19.333,-19.31461,-19.24535,-19.17745,-19.29367
554.9,-19.33771,-19.33593,-19.26582,-19.20864,-19.31151
555,-19.3519,-19.33412,-19.26523,-19.19942,-19.32485
555.1,-19.36643,-19.32945,-19.2894,-19.19217,-19.33072
555.2,-19.36313,-19.35332,-19.31962,-19.18946,-19.32568
555.3,-19.35621,-19.35437,-19.33249,-19.18013,-19.34133
555.4,-19.33987,-19.35424,-19.36278,-19.15835,-19.34518
555.5,-19.33345,-19.34145,-19.37463,-19.16373,-19.33372
555.6,-19.31807,-19.33444,-19.39016,-19.17898,-19.32734
555.7,-19.33048,-19.35757,-19.40881,-19.16877,-19.32765
555.8,-19.34513,-19.36222,-19.38598,-19.14587,-19.34366
555.9,-19.341,-19.35666,-19.40323,-19.15543,-19.33851
556,-19.34561,-19.34901,-19.42427,-19.16884,-19.3509
556.1,-19.34583,-19.33761,-19.43114,-19.16375,-19.33297
556.2,-19.33247,-19.35605,-19.46224,-19.14009,-19.34592
556.3,-19.31724,-19.35395,-19.46784,-19.14539,-19.31965
556.4,-19.33164,-19.36375,-19.48667,-19.16682,-19.32112
556.5,-19.33748,-19.37731,-19.49062,-19.16961,-19.3496
556.6,-19.33839,-19.36663,-19.50973,-19.17109,-19.3325
556.7,-19.35401,-19.36521,-19.50493,-19.17481,-19.33042
556.8,-19.35616,-19.38018,-19.48025,-19.16937,-19.3357
556.9,-19.34523,-19.35272,-19.5057,-19.15346,-19.3275
557,-19.31369,-19.35351,-19.51525,-19.16145,-19.31803
557.1,-19.31685,-19.36524,-19.54369,-19.16422,-19.33617
557.2,-19.32221,-19.38493,-19.56128,-19.16632,-19.3513
557.3,-19.3331,-19.36441,-19.60463,-19.17112,-19.36168
557.4,-19.32269,-19.35557,-19.58553,-19.15346,-19.35123
557.5,-19.31774,-19.38077,-19.5764,-19.16252,-19.35172
557.6,-19.31446,-19.38859,-19.55283,-19.15028,-19.32327
557.7,-19.31578,-19.36825,-19.57353,-19.14357,-19.32741
557.8,-19.34221,-19.37137,-19.55872,-19.14099,-19.33976
557.9,-19.36874,-19.36552,-19.56989,-19.12586,-19.34708
558,-19.37664,-19.38384,-19.56319,-19.12513,-19.34089
558.1,-19.37202,-19.40865,-19.57231,-19.14311,-19.33064
558.2,-19.36184,-19.40934,-19.59545,-19.13017,-19.31855
558.3,-19.38,-19.40932,-19.60355,-19.11071,-19.33539
558.4,-19.37529,-19.38821,-19.59947,-19.13791,-19.34811
558.5,-19.39404,-19.3794,-19.61257,-19.12733,-19.34523
558.6,-19.3984,-19.37461,-19.60326,-19.1313,-19.34498
558.7,-19.3888,-19.39646,-19.61656,-19.1371,-19.36187
558.8,-19.36675,-19.38725,-19.60319,-19.1431,-19.3761
558.9,-19.35441,-19.38552,-19.59871,-19.15536,-19.35528
559,-19.36085,-19.39858,-19.60876,-19.15596,-19.33428
559.1,-19.36943,-19.39004,-19.61654,-19.15151,-19.34824
559.2,-19.37216,-19.3808,-19.60141,-19.13595,-19.35418
559.3,-19.39006,-19.39333,-19.60738,-19.10432,-19.36206
559.4,-19.4032,-19.39789,-19.61209,-19.12953,-19.38092
559.5,-19.40194,-19.37485,-19.60919,-19.13572,-19.38422
559.6,-19.40847,-19.35405,-19.60807,-19.13101,-19.37318
559.7,-19.43042,-19.34089,-19.62163,-19.14634,-19.36963
559.8,-19.42015,-19.346,-19.62379,-19.14944,-19.36983
559.9,-19.42589,-19.36272,-19.61675,-19.14962,-19.34287
560,-19.43551,-19.35746,-19.61801,-19.15541,-19.34919
560.1,-19.45564,-19.33554,-19.60604,-19.14106,-19.36859
560.2,-19.44444,-19.34533,-19.59979,-19.1359,-19.36501
560.3,-19.45182,-19.32111,-19.64044,-19.10409,-19.37563
560.4,-19.43921,-19.31793,-19.64887,-19.09269,-19.3805
560.5,-19.4103,-19.30595,-19.6609,-19.11013,-19.36393
560.6,-19.39559,-19.2883,-19.66254,-19.11285,-19.35642
560.7,-19.43584,-19.2942,-19.68474,-19.10666,-19.35855
560.8,-19.43491,-19.29438,-19.67056,-19.10521,-19.36147
560.9,-19.43779,-19.3025,-19.65956,-19.103,-19.36863
561,-19.41647,-19.30642,-19.66635,-19.1225,-19.35874
561.1,-19.40194,-19.32337,-19.67438,-19.14218,-19.34683
561.2,-19.40006,-19.32565,-19.69361,-19.15387,-19.3424
561.3,-19.40214,-19.33773,-19.70543,-19.16316,-19.36167
561.4,-19.38891,-19.34176,-19.72054,-19.18095,-19.34764
561.5,-19.39032,-19.32709,-19.71288,-19.18687,-19.33221
561.6,-19.38963,-19.34537,-19.72027,-19.16484,-19.31275
561.7,-19.38582,-19.33572,-19.72732,-19.18428,-19.29459
561.8,-19.37621,-19.36737,-19.73637,-19.18627,-19.2987
561.9,-19.35277,-19.35013,-19.71592,-19.19685,-19.29287
562,-19.31407,-19.35917,-19.70817,-19.2024,-19.27987
562.1,-19.31185,-19.34052,-19.68897,-19.22643,-19.30696
562.2,-19.3168,-19.35075,-19.68606,-19.22443,-19.32114
562.3,-19.3191,-19.34463,-19.66814,-19.20027,-19.30123
562.4,-19.31804,-19.35476,-19.6816,-19.19469,-19.27072
562.5,-19.322,-19.33702,-19.68469,-19.19689,-19.24972
562.6,-19.33523,-19.32233,-19.68641,-19.18434,-19.24478
562.7,-19.33754,-19.33838,-19.69318,-19.18602,-19.25181
562.8,-19.35661,-19.33203,-19.68634,-19.16213,-19.26552
562.9,-19.35668,-19.32967,-19.68017,-19.18323,-19.24864
563,-19.36187,-19.33274,-19.69426,-19.16904,-19.25552
563.1,-19.32442,-19.33441,-19.69904,-19.18096,-19.26097
563.2,-19.31087,-19.33078,-19.67209,-19.18786,-19.26968
563.3,-19.3195,-19.31576,-19.69708,-19.19949,-19.29937
563.4,-19.32151,-19.32993,-19.70167,-19.21222,-19.2867
563.5,-19.30989,-19.32397,-19.70167,-19.20548,-19.29406
563.6,-19.30605,-19.33432,-19.66608,-19.21764,-19.29065
563.7,-19.30157,-19.34455,-19.65718,-19.19917,-19.27761
563.8,-19.30632,-19.33439,-19.67327,-19.20066,-19.31308
563.9,-19.30976,-19.34849,-19.66597,-19.21741,-19.3028
564,-19.30981,-19.33644,-19.66263,-19.2129,-19.31242
564.1,-19.33818,-19.34012,-19.66642,-19.19937,-19.32213
564.2,-19.33108,-19.35099,-19.68036,-19.18479,-19.32837
564.3,-19.34187,-19.34647,-19.72077,-19.16312,-19.33378
564.4,-19.32871,-19.32079,-19.69422,-19.17925,-19.33699
564.5,-19.32142,-19.32464,-19.69503,-19.15846,-19.35928
564.6,-19.34295,-19.34131,-19.688,-19.18717,-19.35716
564.7,-19.33995,-19.3185,-19.66994,-19.18654,-19.36241
564.8,-19.33113,-19.30879,-19.68002,-19.19521,-19.33405
564.9,-19.32271,-19.29214,-19.68066,-19.20202,-19.33617
565,-19.32778,-19.31241,-19.66784,-19.22616,-19.32465
565.1,-19.3249,-19.31794,-19.66732,-19.24003,-19.33661
565.2,-19.33712,-19.30157,-19.69611,-19.24886,-19.31412
565.3,-19.33277,-19.26328,-19.69129,-19.22745,-19.3113
565.4,-19.33676,-19.26907,-19.70172,-19.22258,-19.2994
565.5,-19.32844,-19.26822,-19.69754,-19.20689,-19.28914
565.6,-19.32125,-19.26535,-19.70834,-19.19422,-19.29347
565.7,-19.31903,-19.26683,-19.66895,-19.19828,-19.28484
565.8,-19.34056,-19.28057,-19.67644,-19.20683,-19.29892
565.9,-19.33881,-19.27269,-19.64837,-19.17886,-19.29812
566,-19.31114,-19.28674,-19.62755,-19.18036,-19.30374
566.1,-19.32458,-19.28751,-19.61217,-19.20856,-19.3007
566.2,-19.30927,-19.26942,-19.61228,-19.22563,-19.32392
566.3,-19.28259,-19.25059,-19.61576,-19.22415,-19.3091
566.4,-19.30076,-19.24445,-19.61448,-19.23606,-19.30067
566.5,-19.30564,-19.23948,-19.62156,-19.21043,-19.30269
566.6,-19.3091,-19.24219,-19.60449,-19.21958,-19.32213
566.7,-19.30812,-19.21934,-19.59225,-19.20996,-19.34183
566.8,-19.31325,-19.22445,-19.56061,-19.21816,-19.33446
566.9,-19.30559,-19.22432,-19.57485,-19.22109,-19.36216
567,-19.30046,-19.21563,-19.58772,-19.21861,-19.36416
567.1,-19.29968,-19.22686,-19.58235,-19.20642,-19.34305
567.2,-19.31155,-19.24805,-19.5807,-19.1958,-19.35273
567.3,-19.3273,-19.26017,-19.59733,-19.20526,-19.37275
567.4,-19.32132,-19.25165,-19.61205,-19.23017,-19.35959
567.5,-19.32115,-19.23816,-19.58954,-19.23858,-19.36222
567.6,-19.31122,-19.25135,-19.57455,-19.23146,-19.34597
567.7,-19.29322,-19.26348,-19.59942,-19.242,-19.32736
567.8,-19.30481,-19.25973,-19.59452,-19.2423,-19.32935
567.9,-19.27944,-19.23786,-19.59146,-19.25403,-19.32815
568,-19.27047,-19.24083,-19.57263,-19.26214,-19.32308
568.1,-19.2806,-19.23695,-19.57636,-19.24537,-19.31778
568.2,-19.27856,-19.24177,-19.58116,-19.26579,-19.30183
568.3,-19.27514,-19.24985,-19.57687,-19.25484,-19.30191
568.4,-19.28753,-19.27572,-19.57891,-19.26868,-19.28364
568.5,-19.28426,-19.26784,-19.58498,-19.25332,-19.26092
568.6,-19.30385,-19.26,-19.59086,-19.25548,-19.25211
568.7,-19.30155,-19.25876,-19.60259,-19.25917,-19.25328
568.8,-19.31663,-19.26909,-19.59832,-19.27393,-19.25867
568.9,-19.32399,-19.25192,-19.59882,-19.25885,-19.22601
569,-19.32535,-19.2726,-19.61358,-19.25716,-19.24836
569.1,-19.33199,-19.27141,-19.60985,-19.27298,-19.24875
569.2,-19.30944,-19.27246,-19.60682,-19.27744,-19.22517
569.3,-19.30852,-19.22638,-19.62222,-19.26157,-19.21335
569.4,-19.28905,-19.21617,-19.62105,-19.27721,-19.2063
569.5,-19.29043,-19.21298,-19.62477,-19.25881,-19.19813
569.6,-19.3146,-19.20444,-19.60726,-19.2465,-19.20306
569.7,-19.33829,-19.2091,-19.59397,-19.27061,-19.19527
569.8,-19.33833,-19.22529,-19.586,-19.26419,-19.19511
569.9,-19.3314,-19.25033,-19.59468,-19.26269,-19.19359
570,-19.31278,-19.26832,-19.57505,-19.26729,-19.20845
570.1,-19.29625,-19.26662,-19.60772,-19.2739,-19.19992
570.2,-19.34361,-19.26249,-19.60742,-19.27496,-19.21201
570.3,-19.35032,-19.25833,-19.58842,-19.2668,-19.21574
570.4,-19.34234,-19.26191,-19.57398,-19.25631,-19.20664
570.5,-19.3226,-19.26527,-19.57134,-19.2534,-19.20174
570.6,-19.3011,-19.25359,-19.58283,-19.27245,-19.18033
570.7,-19.30368,-19.21872,-19.57881,-19.27216,-19.20007
570.8,-19.3052,-19.22124,-19.58093,-19.2656,-19.21299
570.9,-19.31138,-19.23294,-19.56609,-19.24945,-19.20551
571,-19.30476,-19.23842,-19.57908,-19.2687,-19.21901
571.1,-19.28884,-19.23455,-19.57852,-19.28334,-19.23616
571.2,-19.29113,-19.21303,-19.56314,-19.26387,-19.24665
571.3,-19.30259,-19.21526,-19.56263,-19.29124,-19.24139
571.4,-19.28455,-19.21307,-19.57834,-19.28437,-19.25405
571.5,-19.2778,-19.23857,-19.56238,-19.28644,-19.26378
571.6,-19.27381,-19.24686,-19.55882,-19.2652,-19.2679
571.7,-19.27289,-19.25414,-19.55401,-19.2547,-19.25816
571.8,-19.2588,-19.26181,-19.5428,-19.25085,-19.25206
571.9,-19.26364,-19.25424,-19.513,-19.25559,-19.25298
572,-19.24888,-19.25213,-19.53068,-19.27985,-19.23956
572.1,-19.26287,-19.25285,-19.5387,-19.28501,-19.22952
572.2,-19.24669,-19.2592,-19.55501,-19.28547,-19.22142
572.3,-19.25076,-19.26101,-19.53615,-19.27384,-19.23257
572.4,-19.25778,-19.24659,-19.56594,-19.27025,-19.20352
572.5,-19.26814,-19.24694,-19.54634,-19.26677,-19.21107
572.6,-19.27818,-19.25427,-19.56905,-19.26476,-19.20586
572.7,-19.27214,-19.24507,-19.56459,-19.25348,-19.18949
572.8,-19.26994,-19.24921,-19.59455,-19.25388,-19.22373
572.9,-19.29497,-19.26904,-19.58982,-19.24871,-19.2336
573,-19.30136,-19.29841,-19.57254,-19.23919,-19.23807
573.1,-19.29929,-19.30213,-19.57435,-19.252,-19.2204
573.2,-19.28233,-19.29322,-19.5883,-19.24703,-19.20444
573.3,-19.28273,-19.28614,-19.57105,-19.25613,-19.20229
573.4,-19.28812,-19.26941,-19.56102,-19.26146,-19.21007
573.5,-19.29788,-19.25114,-19.55958,-19.277,-19.21787
573.6,-19.30509,-19.23897,-19.55686,-19.24779,-19.22045
573.7,-19.28976,-19.22397,-19.55278,-19.24428,-19.22058
573.8,-19.29234,-19.21234,-19.56522,-19.23508,-19.23172
573.9,-19.31069,-19.21639,-19.55095,-19.2382,-19.22601
574,-19.31372,-19.20309,-19.55515,-19.24484,-19.25556
574.1,-19.32502,-19.19577,-19.55873,-19.23621,-19.24197
574.2,-19.33704,-19.18095,-19.54387,-19.25263,-19.23914
574.3,-19.33543,-19.17432,-19.54397,-19.24992,-19.2212
574.4,-19.31045,-19.1856,-19.52813,-19.2529,-19.23507
574.5,-19.29892,-19.18284,-19.52657,-19.24629,-19.235
574.6,-19.31517,-19.20346,-19.54124,-19.24452,-19.25372
574.7,-19.30882,-19.1857,-19.51732,-19.23395,-19.2506
574.8,-19.3319,-19.19203,-19.52325,-19.24298,-19.25953
574.9,-19.34569,-19.18582,-19.5246,-19.23755,-19.26106
575,-19.34444,-19.18056,-19.52789,-19.25381,-19.23954
575.1,-19.32928,-19.16479,-19.53267,-19.26046,-19.24421
575.2,-19.3365,-19.14912,-19.53115,-19.28045,-19.23229
575.3,-19.33522,-19.16179,-19.53435,-19.27887,-19.22911
575.4,-19.34636,-19.16316,-19.52221,-19.27216,-19.24651
575.5,-19.35587,-19.17211,-19.52957,-19.27842,-19.25537
575.6,-19.35534,-19.18887,-19.54819,-19.29723,-19.27723
575.7,-19.35373,-19.2022,-19.56635,-19.33401,-19.27715
575.8,-19.38105,-19.18943,-19.56841,-19.33463,-19.27703
575.9,-19.38969,-19.18454,-19.54561,-19.32968,-19.28985
576,-19.39176,-19.16858,-19.56759,-19.30528,-19.27511
576.1,-19.37246,-19.1647,-19.57121,-19.31513,-19.29566
576.2,-19.39331,-19.14999,-19.56556,-19.30443,-19.31734
576.3,-19.39178,-19.16871,-19.56479,-19.28304,-19.30925
576.4,-19.36504,-19.15848,-19.56793,-19.27671,-19.30388
576.5,-19.36498,-19.16318,-19.55174,-19.27028,-19.29802
576.6,-19.3655,-19.14801,-19.54571,-19.2888,-19.30859
576.7,-19.36061,-19.13982,-19.53436,-19.26925,-19.31832
576.8,-19.34203,-19.14954,-19.54864,-19.25134,-19.33028
576.9,-19.36536,-19.16516,-19.55892,-19.24275,-19.31972
577,-19.37864,-19.17079,-19.55289,-19.24893,-19.32928
577.1,-19.35569,-19.16582,-19.53623,-19.23099,-19.31308
577.2,-19.35543,-19.18166,-19.53678,-19.24103,-19.3134
577.3,-19.35254,-19.19651,-19.52551,-19.26562,-19.32218
577.4,-19.33409,-19.21459,-19.51817,-19.27583,-19.32026
577.5,-19.31893,-19.22557,-19.53849,-19.3026,-19.33167
577.6,-19.32753,-19.22138,-19.53846,-19.29885,-19.33494
577.7,-19.3355,-19.21039,-19.52719,-19.32329,-19.31967
577.8,-19.33605,-19.24141,-19.52389,-19.29716,-19.3036
577.9,-19.34568,-19.21577,-19.51387,-19.28518,-19.30661
578,-19.36149,-19.19821,-19.5249,-19.31511,-19.31658
578.1,-19.36095,-19.19611,-19.49401,-19.31565,-19.32775
578.2,-19.35552,-19.21592,-19.47931,-19.31256,-19.3064
578.3,-19.34847,-19.20963,-19.47837,-19.3144,-19.31367
578.4,-19.35149,-19.19888,-19.45792,-19.33628,-19.31378
578.5,-19.34985,-19.18329,-19.4682,-19.33041,-19.29028
578.6,-19.34667,-19.18045,-19.47418,-19.34038,-19.26362
578.7,-19.34807,-19.18997,-19.4565,-19.33014,-19.26372
578.8,-19.33987,-19.18221,-19.47906,-19.32819,-19.25601
578.9,-19.33299,-19.18517,-19.46334,-19.32848,-19.26142
579,-19.32009,-19.17339,-19.46476,-19.35686,-19.24724
579.1,-19.30539,-19.16848,-19.46689,-19.35555,-19.23703
579.2,-19.3085,-19.16283,-19.4774,-19.34042,-19.24646
579.3,-19.32123,-19.14766,-19.45582,-19.331,-19.25282
579.4,-19.33096,-19.14099,-19.4656,-19.32852,-19.24876
579.5,-19.32251,-19.1168,-19.46864,-19.33373,-19.23798
579.6,-19.34305,-19.11967,-19.45671,-19.32089,-19.23027
579.7,-19.32674,-19.12985,-19.45284,-19.32932,-19.24003
579.8,-19.3252,-19.12061,-19.46887,-19.33786,-19.24182
579.9,-19.33125,-19.10989,-19.45974,-19.33217,-19.25111
580,-19.30655,-19.09878,-19.47295,-19.3297,-19.2476
580.1,-19.29743,-19.19884,-19.47116,-19.32104,-19.27644
580.2,-19.28656,-19.2037,-19.45636,-19.31453,-19.28132
580.3,-19.26918,-19.19665,-19.45282,-19.29356,-19.30959
580.4,-19.27499,-19.20345,-19.44667,-19.29182,-19.32031
580.5,-19.27468,-19.21888,-19.46133,-19.2773,-19.33394
580.6,-19.26925,-19.212,-19.48377,-19.26474,-19.3288
580.7,-19.27031,-19.21448,-19.49451,-19.23813,-19.33743
580.8,-19.27861,-19.2211,-19.45806,-19.24183,-19.33638
580.9,-19.26148,-19.24297,-19.4685,-19.23348,-19.32992
581,-19.28204,-19.21722,-19.43449,-19.23902,-19.32246
581.1,-19.26924,-19.22696,-19.45903,-19.25451,-19.34389
581.2,-19.28935,-19.20413,-19.45054,-19.24535,-19.34688
581.3,-19.29489,-19.18707,-19.46312,-19.23297,-19.3511
581.4,-19.31723,-19.18677,-19.46183,-19.23145,-19.36436
581.5,-19.32157,-19.18457,-19.45214,-19.22516,-19.34062
581.6,-19.3017,-19.1783,-19.44084,-19.19085,-19.34351
581.7,-19.30276,-19.16246,-19.45095,-19.19549,-19.37072
581.8,-19.28679,-19.17491,-19.44031,-19.1855,-19.37048
581.9,-19.2922,-19.19278,-19.45241,-19.1886,-19.39975
582,-19.29449,-19.20617,-19.47747,-19.17477,-19.414
582.1,-19.30345,-19.20062,-19.48088,-19.17193,-19.4313
582.2,-19.31532,-19.21908,-19.48448,-19.1818,-19.44614
582.3,-19.29888,-19.21475,-19.48932,-19.18278,-19.44598
582.4,-19.29852,-19.227,-19.47655,-19.18582,-19.44106
582.5,-19.31322,-19.24787,-19.47813,-19.19039,-19.44521
582.6,-19.29585,-19.23961,-19.46523,-19.19355,-19.4645
582.7,-19.31803,-19.22955,-19.44744,-19.20287,-19.47889
582.8,-19.30081,-19.22785,-19.45413,-19.21561,-19.51202
582.9,-19.29422,-19.18319,-19.45994,-19.21279,-19.5311
583,-19.29934,-19.18855,-19.44554,-19.21961,-19.53894
583.1,-19.30772,-19.18864,-19.44789,-19.21581,-19.52163
583.2,-19.31592,-19.18135,-19.43712,-19.19763,-19.53009
583.3,-19.33167,-19.15618,-19.44886,-19.21483,-19.50701
583.4,-19.33976,-19.15936,-19.43064,-19.20754,-19.51919
583.5,-19.3544,-19.15152,-19.44589,-19.22011,-19.51285
583.6,-19.34419,-19.15522,-19.43832,-19.20648,-19.49258
583.7,-19.33094,-19.13655,-19.42885,-19.22378,-19.51458
583.8,-19.32999,-19.12214,-19.44587,-19.24897,-19.52943
583.9,-19.33109,-19.13737,-19.43951,-19.22839,-19.52923
584,-19.33882,-19.12818,-19.43184,-19.21948,-19.52754
584.1,-19.32614,-19.12824,-19.44139,-19.20853,-19.50027
584.2,-19.30825,-19.10437,-19.43851,-19.20484,-19.50064
584.3,-19.29479,-19.08827,-19.42694,-19.20302,-19.50916
584.4,-19.30491,-19.0903,-19.44991,-19.19409,-19.5177
584.5,-19.33727,-19.07578,-19.43666,-19.21065,-19.52206
584.6,-19.33459,-19.11266,-19.44701,-19.20153,-19.5242
584.7,-19.35234,-19.09897,-19.44342,-19.20817,-19.52655
584.8,-19.33316,-19.07645,-19.42899,-19.21518,-19.5328
584.9,-19.34262,-19.07529,-19.4367,-19.23209,-19.53283
585,-19.32777,-19.07218,-19.4388,-19.25073,-19.5254
585.1,-19.35359,-19.07709,-19.42007,-19.26013,-19.52648
585.2,-19.37323,-19.06979,-19.41695,-19.26547,-19.52532
585.3,-19.3852,-19.05585,-19.4447,-19.25587,-19.505
585.4,-19.39767,-19.0801,-19.47037,-19.28458,-19.50462
585.5,-19.38999,-19.0968,-19.46404,-19.28473,-19.50874
585.6,-19.35901,-19.11554,-19.47603,-19.27924,-19.51169
585.7,-19.36054,-19.15178,-19.46334,-19.27906,-19.52671
585.8,-19.36756,-19.13103,-19.46423,-19.2841,-19.51928
585.9,-19.36211,-19.13736,-19.4549,-19.28407,-19.51752
586,-19.35024,-19.14526,-19.43176,-19.28141,-19.52493
586.1,-19.32701,-19.16167,-19.41673,-19.27015,-19.52884
586.2,-19.32743,-19.16538,-19.4052,-19.24079,-19.51894
586.3,-19.32779,-19.19151,-19.40616,-19.22384,-19.51543
586.4,-19.32553,-19.20309,-19.37793,-19.23842,-19.52217
586.5,-19.32885,-19.19438,-19.37745,-19.2481,-19.52461
586.6,-19.34597,-19.1905,-19.35243,-19.25879,-19.53572
586.7,-19.35586,-19.19033,-19.33037,-19.22204,-19.53097
586.8,-19.3618,-19.15595,-19.32063,-19.20494,-19.52487
586.9,-19.35677,-19.1568,-19.32605,-19.21931,-19.5088
587,-19.37037,-19.15243,-19.30707,-19.23779,-19.52923
587.1,-19.36669,-19.14061,-19.3124,-19.22612,-19.5295
587.2,-19.35778,-19.14429,-19.3164,-19.24421,-19.53672
587.3,-19.35809,-19.13515,-19.30657,-19.23784,-19.53363
587.4,-19.37978,-19.13444,-19.31005,-19.21615,-19.53081
587.5,-19.38559,-19.13234,-19.31869,-19.22396,-19.53064
587.6,-19.4075,-19.11199,-19.30391,-19.22713,-19.52545
587.7,-19.42253,-19.10579,-19.29462,-19.23641,-19.54104
587.8,-19.39732,-19.10214,-19.32434,-19.24401,-19.5318
587.9,-19.39225,-19.10953,-19.34012,-19.25009,-19.51453
588,-19.37937,-19.09539,-19.34742,-19.25192,-19.50205
588.1,-19.36532,-19.08957,-19.37775,-19.26886,-19.51017
588.2,-19.36727,-19.09741,-19.3566,-19.26311,-19.50242
588.3,-19.37165,-19.07468,-19.36127,-19.27414,-19.49241
588.4,-19.35153,-19.06769,-19.37206,-19.27997,-19.46491
588.5,-19.36249,-19.06519,-19.38925,-19.25879,-19.47907
588.6,-19.37387,-19.08348,-19.37347,-19.29491,-19.48675
588.7,-19.34384,-19.08115,-19.38814,-19.28101,-19.48387
588.8,-19.31434,-19.0918,-19.37829,-19.26965,-19.48
588.9,-19.3347,-19.09423,-19.37338,-19.27968,-19.47239
589,-19.34321,-19.08654,-19.36992,-19.28264,-19.47591
589.1,-19.36013,-19.08309,-19.40043,-19.27553,-19.48608
589.2,-19.35772,-19.07506,-19.40152,-19.28425,-19.47511
589.3,-19.37216,-19.03818,-19.42059,-19.26454,-19.47763
589.4,-19.36179,-19.0127,-19.42272,-19.26945,-19.50406
589.5,-19.36318,-18.99271,-19.44052,-19.26692,-19.51951
589.6,-19.37684,-19.12589,-19.43406,-19.27165,-19.49169
589.7,-19.36814,-19.11997,-19.41322,-19.23544,-19.48175
589.8,-19.39108,-19.1138,-19.41562,-19.23069,-19.47104
589.9,-19.3928,-19.12873,-19.41762,-19.22829,-19.48764
590,-19.36914,-19.1354,-19.41271,-19.22326,-19.48131
590.1,-19.39322,-19.1327,-19.41778,-19.21108,-19.488
590.2,-19.39579,-19.12103,-19.43066,-19.22114,-19.49178
590.3,-19.37814,-19.11309,-19.43485,-19.22106,-19.49452
590.4,-19.38789,-19.1191,-19.41915,-19.22163,-19.4749
590.5,-19.37749,-19.13358,-19.44487,-19.20815,-19.47499
590.6,-19.37824,-19.10751,-19.46634,-19.23612,-19.48004
590.7,-19.36918,-19.13548,-19.46408,-19.25291,-19.45466
590.8,-19.41431,-19.13909,-19.46454,-19.2464,-19.46201
590.9,-19.42452,-19.12234,-19.47706,-19.26066,-19.44356
591,-19.43677,-19.11868,-19.47892,-19.27464,-19.43509
591.1,-19.41254,-19.14039,-19.48531,-19.27576,-19.44323
591.2,-19.42026,-19.15581,-19.49484,-19.26128,-19.46348
591.3,-19.41979,-19.18375,-19.49576,-19.25779,-19.46258
591.4,-19.43192,-19.17947,-19.49287,-19.24897,-19.45512
591.5,-19.43267,-19.18446,-19.48349,-19.25112,-19.46304
591.6,-19.435,-19.17371,-19.45944,-19.2501,-19.47798
591.7,-19.45159,-19.1644,-19.478,-19.25526,-19.47684
591.8,-19.44754,-19.16649,-19.45921,-19.23823,-19.48969
591.9,-19.44193,-19.14053,-19.42828,-19.24196,-19.47471
592,-19.43871,-19.14266,-19.43176,-19.24392,-19.47918
592.1,-19.42545,-19.13645,-19.43796,-19.24182,-19.47474
592.2,-19.4386,-19.15307,-19.42507,-19.25102,-19.46286
592.3,-19.42472,-19.18449,-19.42575,-19.22794,-19.46013
592.4,-19.42512,-19.1654,-19.45232,-19.21368,-19.48001
592.5,-19.41186,-19.16027,-19.45315,-19.20989,-19.4711
592.6,-19.4062,-19.1335,-19.47725,-19.19398,-19.47902
592.7,-19.41697,-19.14338,-19.46826,-19.18008,-19.48855
592.8,-19.41307,-19.14611,-19.47753,-19.20216,-19.50989
592.9,-19.39801,-19.15579,-19.45445,-19.20391,-19.49025
593,-19.38274,-19.14955,-19.45403,-19.21087,-19.48293
593.1,-19.38248,-19.1487,-19.4383,-19.20607,-19.491
593.2,-19.36485,-19.15417,-19.43856,-19.20252,-19.48201
593.3,-19.36968,-19.16279,-19.46378,-19.22256,-19.48276
593.4,-19.3679,-19.1329,-19.4535,-19.22381,-19.47559
593.5,-19.36082,-19.1424,-19.46423,-19.23109,-19.47228
593.6,-19.33674,-19.14151,-19.46394,-19.24093,-19.46829
593.7,-19.33859,-19.17083,-19.44189,-19.24203,-19.46973
593.8,-19.35715,-19.17402,-19.44579,-19.22855,-19.45269
593.9,-19.33441,-19.1642,-19.46236,-19.21197,-19.47533
594,-19.34111,-19.17458,-19.46791,-19.20891,-19.46631
594.1,-19.32799,-19.14449,-19.43716,-19.20674,-19.45234
594.2,-19.31331,-19.14126,-19.43713,-19.20166,-19.44281
594.3,-19.28602,-19.1549,-19.44909,-19.19616,-19.46858
594.4,-19.27093,-19.12656,-19.44233,-19.20065,-19.45088
594.5,-19.29981,-19.13776,-19.44394,-19.20899,-19.43423
594.6,-19.29103,-19.15423,-19.45225,-19.2118,-19.45263
594.7,-19.31992,-19.17186,-19.42762,-19.21621,-19.43531
594.8,-19.32623,-19.16717,-19.42602,-19.24766,-19.43624
594.9,-19.31651,-19.17996,-19.41281,-19.23649,-19.42674
595,-19.28357,-19.20031,-19.39243,-19.24618,-19.43764
595.1,-19.28813,-19.19946,-19.3807,-19.26613,-19.42034
595.2,-19.2693,-19.21139,-19.37831,-19.26845,-19.42801
595.3,-19.26317,-19.20333,-19.37282,-19.26576,-19.44154
595.4,-19.2534,-19.21191,-19.37614,-19.26488,-19.42066
595.5,-19.26192,-19.18602,-19.38979,-19.27092,-19.42557
595.6,-19.25312,-19.18242,-19.38945,-19.30324,-19.44167
595.7,-19.2474,-19.17982,-19.40775,-19.30542,-19.44081
595.8,-19.27006,-19.18335,-19.4021,-19.30005,-19.42286
595.9,-19.25426,-19.1367,-19.39104,-19.28892,-19.43236
596,-19.24632,-19.11495,-19.37225,-19.31257,-19.41599
596.1,-19.24107,-19.21443,-19.3634,-19.29147,-19.41946
596.2,-19.22649,-19.23888,-19.37453,-19.27574,-19.41801
596.3,-19.22644,-19.24169,-19.3686,-19.30083,-19.42171
596.4,-19.23756,-19.21415,-19.36305,-19.29401,-19.40455
596.5,-19.22799,-19.1977,-19.3599,-19.29862,-19.41595
596.6,-19.22231,-19.18375,-19.35529,-19.29138,-19.41095
596.7,-19.22691,-19.17178,-19.33805,-19.3022,-19.42299
596.8,-19.23666,-19.17421,-19.35024,-19.31774,-19.41202
596.9,-19.22903,-19.17186,-19.33723,-19.31046,-19.41471
597,-19.24369,-19.17273,-19.32616,-19.29908,-19.425
597.1,-19.25229,-19.14298,-19.30996,-19.28999,-19.43251
597.2,-19.25035,-19.13238,-19.31324,-19.27278,-19.44023
597.3,-19.27235,-19.14855,-19.33446,-19.26926,-19.43277
597.4,-19.28641,-19.16339,-19.32995,-19.26374,-19.42633
597.5,-19.2644,-19.1614,-19.33559,-19.26502,-19.42063
597.6,-19.28545,-19.19596,-19.33953,-19.27008,-19.42037
597.7,-19.2703,-19.21117,-19.32501,-19.2741,-19.43441
597.8,-19.26226,-19.21037,-19.34421,-19.29661,-19.42915
597.9,-19.24732,-19.18984,-19.33882,-19.2898,-19.43333
598,-19.22826,-19.17011,-19.36258,-19.26255,-19.43641
598.1,-19.2318,-19.17862,-19.35652,-19.25188,-19.42962
598.2,-19.23245,-19.17895,-19.34906,-19.23042,-19.44499
598.3,-19.21882,-19.18531,-19.36997,-19.25268,-19.44732
598.4,-19.22566,-19.1656,-19.37128,-19.2546,-19.45196
598.5,-19.21845,-19.1708,-19.38278,-19.24545,-19.45244
598.6,-19.22237,-19.15602,-19.40501,-19.23987,-19.43897
598.7,-19.24344,-19.14738,-19.3902,-19.24837,-19.43688
598.8,-19.25532,-19.14736,-19.37311,-19.23683,-19.43617
598.9,-19.24757,-19.13182,-19.393,-19.2512,-19.44384
599,-19.28352,-19.11908,-19.40059,-19.2407,-19.45776
599.1,-19.29328,-19.13142,-19.39987,-19.26255,-19.45048
599.2,-19.30357,-19.14602,-19.37939,-19.26324,-19.43177
599.3,-19.29585,-19.1613,-19.38213,-19.26867,-19.42775
599.4,-19.31052,-19.15001,-19.37347,-19.26078,-19.40853
599.5,-19.30426,-19.14934,-19.36183,-19.262,-19.41429
599.6,-19.28421,-19.16211,-19.3667,-19.28975,-19.43808
599.7,-19.30081,-19.15664,-19.36734,-19.28106,-19.45749
599.8,-19.30372,-19.17876,-19.37085,-19.29697,-19.43474
599.9,-19.27647,-19.1741,-19.37285,-19.30534,-19.43934
600,-19.26329,-19.16692,-19.35882,-19.29804,-19.45053
600.1,-19.26174,-19.16582,-19.35029,-19.28079,-19.45731
600.2,-19.26763,-19.15919,-19.3503,-19.28193,-19.4398
600.3,-19.26881,-19.14769,-19.36968,-19.28412,-19.43638
600.4,-19.27077,-19.1421,-19.35991,-19.28619,-19.44022
600.5,-19.27622,-19.15028,-19.35021,-19.29419,-19.45375
600.6,-19.26248,-19.1553,-19.33449,-19.26998,-19.46126
600.7,-19.26805,-19.15626,-19.33618,-19.26066,-19.48352
600.8,-19.27013,-19.14594,-19.34318,-19.26062,-19.47992
600.9,-19.26734,-19.13731,-19.3405,-19.24871,-19.498
601,-19.26558,-19.1493,-19.3116,-19.24751,-19.48816
601.1,-19.24551,-19.13854,-19.3306,-19.23519,-19.47496
601.2,-19.25808,-19.14458,-19.30589,-19.23062,-19.47533
601.3,-19.2625,-19.14551,-19.29436,-19.21739,-19.4908
601.4,-19.24839,-19.13927,-19.29629,-19.24312,-19.48794
601.5,-19.24199,-19.13502,-19.30343,-19.22728,-19.49652
601.6,-19.27429,-19.10843,-19.30619,-19.23102,-19.48931
601.7,-19.28319,-19.06786,-19.32151,-19.23101,-19.48806
601.8,-19.27643,-19.22199,-19.32183,-19.2385,-19.49771
601.9,-19.27267,-19.24317,-19.32102,-19.2344,-19.5094
602,-19.23461,-19.26668,-19.3406,-19.23428,-19.51434
602.1,-19.23502,-19.26707,-19.33002,-19.24672,-19.48961
602.2,-19.24862,-19.27361,-19.32899,-19.23323,-19.46748
602.3,-19.24376,-19.29338,-19.31693,-19.2397,-19.45822
602.4,-19.22471,-19.2874,-19.29807,-19.23194,-19.47294
602.5,-19.23446,-19.28076,-19.29954,-19.2277,-19.45186
602.6,-19.23946,-19.25564,-19.30669,-19.21514,-19.46267
602.7,-19.24065,-19.24811,-19.29757,-19.21529,-19.44616
602.8,-19.23587,-19.2546,-19.27902,-19.22769,-19.45169
602.9,-19.2391,-19.26168,-19.30135,-19.22485,-19.43079
603,-19.22433,-19.25854,-19.30868,-19.21616,-19.44744
603.1,-19.23784,-19.27125,-19.29132,-19.22557,-19.44533
603.2,-19.24546,-19.28948,-19.30249,-19.23837,-19.46181
603.3,-19.26548,-19.28233,-19.31698,-19.2628,-19.46087
603.4,-19.25053,-19.28174,-19.30751,-19.27168,-19.45162
603.5,-19.23403,-19.31225,-19.29114,-19.26072,-19.436
603.6,-19.22995,-19.32058,-19.313,-19.25631,-19.42745
603.7,-19.23839,-19.32108,-19.3187,-19.26038,-19.41229
603.8,-19.26632,-19.31871,-19.3314,-19.26054,-19.40839
603.9,-19.25301,-19.30272,-19.30744,-19.2803,-19.42987
604,-19.25559,-19.30271,-19.31361,-19.29159,-19.43492
604.1,-19.25559,-19.27718,-19.3202,-19.30844,-19.43827
604.2,-19.2735,-19.25107,-19.3149,-19.3358,-19.41036
604.3,-19.27749,-19.23189,-19.31191,-19.34121,-19.40552
604.4,-19.26681,-19.22173,-19.29874,-19.36014,-19.41729
604.5,-19.25163,-19.23132,-19.29337,-19.3721,-19.42292
604.6,-19.26472,-19.21821,-19.29821,-19.39057,-19.4248
604.7,-19.26476,-19.21873,-19.30995,-19.39086,-19.39722
604.8,-19.28862,-19.21699,-19.27163,-19.39615,-19.41961
604.9,-19.28791,-19.18968,-19.25932,-19.42736,-19.41088
605,-19.28145,-19.1787,-19.23638,-19.43529,-19.38651
605.1,-19.2706,-19.17319,-19.25182,-19.42997,-19.38841
605.2,-19.25614,-19.16666,-19.23567,-19.41945,-19.40344
605.3,-19.25686,-19.15056,-19.26087,-19.43275,-19.41358
605.4,-19.26701,-19.13718,-19.2509,-19.42513,-19.42637
605.5,-19.29174,-19.14771,-19.25614,-19.41073,-19.42471
605.6,-19.27108,-19.14312,-19.27124,-19.41738,-19.40671
605.7,-19.26327,-19.16028,-19.2762,-19.42798,-19.41863
605.8,-19.26586,-19.15616,-19.27717,-19.43082,-19.43321
605.9,-19.29066,-19.14519,-19.28146,-19.42793,-19.42097
606,-19.28614,-19.14995,-19.26374,-19.42257,-19.42336
606.1,-19.29513,-19.15437,-19.27779,-19.41593,-19.43521
606.2,-19.29713,-19.14168,-19.28328,-19.43862,-19.44667
606.3,-19.29838,-19.14763,-19.28046,-19.45029,-19.44608
606.4,-19.31458,-19.12935,-19.27242,-19.45139,-19.45831
606.5,-19.29588,-19.14578,-19.28317,-19.44382,-19.45993
606.6,-19.30331,-19.16553,-19.24814,-19.43462,-19.46097
606.7,-19.30884,-19.15928,-19.2282,-19.42924,-19.45559
606.8,-19.34269,-19.16526,-19.26046,-19.40304,-19.45179
606.9,-19.33694,-19.16053,-19.26226,-19.41068,-19.45192
607,-19.34082,-19.17517,-19.27371,-19.40929,-19.45031
607.1,-19.35425,-19.17069,-19.2706,-19.39004,-19.44972
607.2,-19.35259,-19.17367,-19.2562,-19.39555,-19.42812
607.3,-19.3751,-19.16446,-19.26756,-19.38911,-19.43319
607.4,-19.34367,-19.17364,-19.27752,-19.39026,-19.4385
607.5,-19.33673,-19.19139,-19.25023,-19.40639,-19.4595
607.6,-19.32753,-19.19585,-19.25924,-19.4034,-19.47222
607.7,-19.30763,-19.19911,-19.24754,-19.40582,-19.48937
607.8,-19.32493,-19.18983,-19.23518,-19.39974,-19.4566
607.9,-19.31419,-19.18859,-19.24571,-19.39282,-19.44619
608,-19.30212,-19.19958,-19.24224,-19.39714,-19.46432
608.1,-19.27702,-19.1896,-19.22693,-19.39914,-19.48545
608.2,-19.29972,-19.20612,-19.22205,-19.42338,-19.48255
608.3,-19.29419,-19.19923,-19.25084,-19.42364,-19.49264
608.4,-19.29515,-19.18749,-19.24034,-19.42071,-19.52104
608.5,-19.3109,-19.17177,-19.25877,-19.40199,-19.51909
608.6,-19.32621,-19.18007,-19.25426,-19.42652,-19.53439
608.7,-19.33865,-19.20314,-19.23485,-19.42316,-19.54019
608.8,-19.32412,-19.20401,-19.24685,-19.43735,-19.51557
608.9,-19.33289,-19.21073,-19.24914,-19.42507,-19.51347
609,-19.34718,-19.20918,-19.26478,-19.41909,-19.52722
609.1,-19.34244,-19.19756,-19.25962,-19.42408,-19.52643
609.2,-19.3468,-19.23366,-19.26774,-19.42321,-19.52803
609.3,-19.34215,-19.23641,-19.27434,-19.42836,-19.50254
609.4,-19.35698,-19.22428,-19.27212,-19.42819,-19.52213
609.5,-19.36291,-19.22882,-19.25501,-19.44982,-19.53679
609.6,-19.34931,-19.23942,-19.2401,-19.44983,-19.55044
609.7,-19.34372,-19.23198,-19.24017,-19.4662,-19.55509
609.8,-19.34239,-19.23359,-19.2413,-19.45711,-19.57919
609.9,-19.30903,-19.24551,-19.24726,-19.47123,-19.58917
610,-19.30199,-19.25916,-19.24204,-19.47712,-19.57868
610.1,-19.32126,-19.2691,-19.20736,-19.44704,-19.57256
610.2,-19.34639,-19.26109,-19.21469,-19.44534,-19.59506
610.3,-19.3416,-19.26132,-19.2155,-19.43536,-19.60888
610.4,-19.33338,-19.24903,-19.2225,-19.44662,-19.60908
610.5,-19.31065,-19.23549,-19.22249,-19.44501,-19.60871
610.6,-19.3324,-19.21833,-19.21672,-19.43934,-19.60127
610.7,-19.35563,-19.19519,-19.22778,-19.44885,-19.60554
610.8,-19.34657,-19.19532,-19.22938,-19.46876,-19.58696
610.9,-19.34713,-19.22157,-19.24373,-19.4858,-19.5704
611,-19.37175,-19.174,-19.24978,-19.49952,-19.54835
611.1,-19.35778,-19.17865,-19.2243,-19.47426,-19.53457
611.2,-19.38419,-19.18781,-19.23313,-19.46887,-19.52543
611.3,-19.40127,-19.21211,-19.22562,-19.46898,-19.51642
611.4,-19.41034,-19.23432,-19.22337,-19.46676,-19.52902
611.5,-19.39819,-19.23627,-19.20241,-19.47687,-19.53185
611.6,-19.39044,-19.23444,-19.19453,-19.47444,-19.52426
611.7,-19.37872,-19.22352,-19.19275,-19.49165,-19.52058
611.8,-19.35703,-19.25289,-19.19259,-19.4936,-19.52364
611.9,-19.34538,-19.28136,-19.20019,-19.48858,-19.52242
612,-19.3599,-19.27781,-19.18718,-19.52319,-19.50726
612.1,-19.37733,-19.28928,-19.21303,-19.52959,-19.52042
612.2,-19.37644,-19.2897,-19.24208,-19.52489,-19.51
612.3,-19.39053,-19.30263,-19.24318,-19.53779,-19.50429
612.4,-19.39967,-19.28571,-19.23211,-19.5263,-19.50296
612.5,-19.40475,-19.27677,-19.23274,-19.54843,-19.49643
612.6,-19.41743,-19.26266,-19.24335,-19.55935,-19.47523
612.7,-19.40663,-19.26982,-19.24119,-19.56066,-19.46772
612.8,-19.40364,-19.28546,-19.22742,-19.57934,-19.49103
612.9,-19.40801,-19.28205,-19.21593,-19.60506,-19.46014
613,-19.39094,-19.29458,-19.23538,-19.61346,-19.46164
613.1,-19.38232,-19.29788,-19.21959,-19.61334,-19.46476
613.2,-19.37166,-19.2848,-19.21476,-19.63161,-19.46
613.3,-19.34076,-19.29869,-19.21121,-19.63067,-19.46084
613.4,-19.34454,-19.30732,-19.22055,-19.61947,-19.43966
613.5,-19.36505,-19.32453,-19.21894,-19.64106,-19.45073
613.6,-19.36217,-19.3259,-19.22549,-19.63969,-19.43824
613.7,-19.37894,-19.31268,-19.2361,-19.61963,-19.44037
613.8,-19.37334,-19.31585,-19.22856,-19.61939,-19.4509
613.9,-19.38331,-19.31895,-19.22571,-19.62419,-19.4525
614,-19.39493,-19.33637,-19.23167,-19.65281,-19.4443
614.1,-19.38159,-19.33624,-19.25067,-19.65011,-19.45331
614.2,-19.39126,-19.32596,-19.23424,-19.63253,-19.45676
614.3,-19.38567,-19.32248,-19.25796,-19.63573,-19.47589
614.4,-19.38574,-19.31503,-19.26685,-19.62413,-19.46429
614.5,-19.37343,-19.29484,-19.25422,-19.61352,-19.44346
614.6,-19.34874,-19.27754,-19.24312,-19.61956,-19.45051
614.7,-19.33087,-19.27872,-19.24075,-19.58417,-19.4475
614.8,-19.33228,-19.274,-19.23743,-19.58875,-19.45558
614.9,-19.31412,-19.28527,-19.24588,-19.5776,-19.4252
615,-19.3204,-19.29457,-19.25474,-19.59225,-19.41773
615.1,-19.33258,-19.2789,-19.24566,-19.58926,-19.41467
615.2,-19.32293,-19.25499,-19.23602,-19.61348,-19.43754
615.3,-19.32616,-19.25037,-19.25605,-19.59005,-19.44391
615.4,-19.30722,-19.23475,-19.25288,-19.59651,-19.45461
615.5,-19.26418,-19.24566,-19.26076,-19.60179,-19.46311
615.6,-19.26015,-19.2328,-19.26691,-19.59442,-19.44718
615.7,-19.27115,-19.24343,-19.27365,-19.62676,-19.45402
615.8,-19.26748,-19.22341,-19.2581,-19.62178,-19.47685
615.9,-19.27773,-19.22148,-19.26097,-19.6246,-19.48003
616,-19.26939,-19.2466,-19.26486,-19.61168,-19.49612
616.1,-19.24187,-19.25075,-19.24697,-19.61072,-19.49879
616.2,-19.24882,-19.27118,-19.23658,-19.61398,-19.51502
616.3,-19.24891,-19.25158,-19.24424,-19.6132,-19.50373
616.4,-19.24154,-19.25476,-19.23805,-19.63921,-19.49772
616.5,-19.24622,-19.27884,-19.25232,-19.64436,-19.49699
616.6,-19.25207,-19.2953,-19.24839,-19.61481,-19.51895
616.7,-19.26767,-19.30814,-19.24164,-19.6071,-19.50593
616.8,-19.27487,-19.29923,-19.22056,-19.60562,-19.51938
616.9,-19.26484,-19.29274,-19.22463,-19.61178,-19.52376
617,-19.27182,-19.29794,-19.20767,-19.61325,-19.53913
617.1,-19.27414,-19.29396,-19.21635,-19.63911,-19.54648
617.2,-19.27611,-19.30348,-19.20889,-19.64169,-19.55722
617.3,-19.29602,-19.31744,-19.21446,-19.64758,-19.56451
617.4,-19.2933,-19.32029,-19.199,-19.66096,-19.58702
617.5,-19.28443,-19.30813,-19.189,-19.65633,-19.56877
617.6,-19.29229,-19.31988,-19.19166,-19.6563,-19.56009
617.7,-19.30146,-19.33474,-19.18422,-19.63303,-19.57365
617.8,-19.31429,-19.32842,-19.19182,-19.63318,-19.5707
617.9,-19.30401,-19.3081,-19.20402,-19.62919,-19.55875
618,-19.3052,-19.32883,-19.20604,-19.63846,-19.55624
618.1,-19.28827,-19.33718,-19.2073,-19.61843,-19.57063
618.2,-19.26032,-19.33858,-19.19337,-19.6127,-19.55837
618.3,-19.24932,-19.32876,-19.17651,-19.60666,-19.58043
618.4,-19.25836,-19.30199,-19.17404,-19.6053,-19.60065
618.5,-19.24946,-19.29423,-19.17716,-19.60249,-19.58735
618.6,-19.24608,-19.27899,-19.17935,-19.59234,-19.59362
618.7,-19.26574,-19.27463,-19.18012,-19.60558,-19.59734
618.8,-19.26615,-19.31599,-19.18572,-19.60509,-19.59739
618.9,-19.26381,-19.34956,-19.17955,-19.61323,-19.61311
619,-19.24669,-19.34961,-19.17443,-19.60226,-19.59583
619.1,-19.25318,-19.39019,-19.18325,-19.60213,-19.5989
619.2,-19.25521,-19.40575,-19.21203,-19.62625,-19.58628
619.3,-19.2436,-19.41551,-19.22665,-19.63316,-19.59584
619.4,-19.2467,-19.40495,-19.22832,-19.63433,-19.56455
619.5,-19.25885,-19.40001,-19.22035,-19.6405,-19.54166
619.6,-19.26631,-19.41057,-19.21582,-19.65077,-19.53916
619.7,-19.27267,-19.41252,-19.21498,-19.67665,-19.5363
619.8,-19.26181,-19.40205,-19.21004,-19.6672,-19.54368
619.9,-19.27461,-19.3994,-19.20976,-19.66196,-19.55995
620,-19.27,-19.39863,-19.20108,-19.64219,-19.55538
620.1,-19.26912,-19.41666,-19.19146,-19.63804,-19.54051
620.2,-19.29067,-19.40255,-19.18069,-19.65183,-19.54113
620.3,-19.2896,-19.39992,-19.18399,-19.65254,-19.54824
620.4,-19.26907,-19.39777,-19.2007,-19.66706,-19.53997
620.5,-19.25408,-19.39574,-19.20043,-19.64238,-19.53388
620.6,-19.24272,-19.38686,-19.18864,-19.64047,-19.52212
620.7,-19.22836,-19.38941,-19.20078,-19.63464,-19.51353
620.8,-19.23937,-19.38034,-19.22317,-19.63804,-19.52606
620.9,-19.22975,-19.38541,-19.19801,-19.61305,-19.53961
621,-19.32071,-19.4002,-19.18824,-19.6251,-19.50872
621.1,-19.32596,-19.38218,-19.1912,-19.61541,-19.4687
621.2,-19.31642,-19.4093,-19.18163,-19.61495,-19.48664
621.3,-19.32757,-19.40398,-19.21466,-19.62002,-19.47376
621.4,-19.3223,-19.41271,-19.22788,-19.61646,-19.47699
621.5,-19.32678,-19.42336,-19.21159,-19.61924,-19.48856
621.6,-19.32805,-19.40518,-19.20107,-19.60444,-19.50462
621.7,-19.31528,-19.40081,-19.20745,-19.62807,-19.49924
621.8,-19.30688,-19.37618,-19.18141,-19.60972,-19.48121
621.9,-19.30716,-19.37271,-19.18694,-19.62197,-19.47802
622,-19.29554,-19.37095,-19.18324,-19.6035,-19.49954
622.1,-19.28748,-19.37584,-19.19317,-19.61156,-19.49731
622.2,-19.2868,-19.38583,-19.18814,-19.6216,-19.49491
622.3,-19.27745,-19.40541,-19.20503,-19.61757,-19.52793
622.4,-19.28365,-19.42013,-19.24385,-19.60705,-19.53367
622.5,-19.27067,-19.45382,-19.23641,-19.59407,-19.53885
622.6,-19.27906,-19.45812,-19.23338,-19.59171,-19.53677
622.7,-19.29648,-19.45389,-19.25135,-19.57435,-19.54183
622.8,-19.29832,-19.46259,-19.26264,-19.56526,-19.52973
622.9,-19.31156,-19.46514,-19.2511,-19.55556,-19.51175
623,-19.31602,-19.47868,-19.25116,-19.57536,-19.50138
623.1,-19.31832,-19.48906,-19.24052,-19.56834,-19.49034
623.2,-19.32322,-19.4567,-19.22645,-19.56386,-19.49968
623.3,-19.32054,-19.47016,-19.24716,-19.54281,-19.49102
623.4,-19.34475,-19.4753,-19.23381,-19.54543,-19.48283
623.5,-19.3522,-19.46276,-19.24835,-19.55474,-19.47667
623.6,-19.34178,-19.4663,-19.23399,-19.56604,-19.4792
623.7,-19.37443,-19.46775,-19.21312,-19.56799,-19.47209
623.8,-19.37193,-19.46212,-19.20622,-19.59632,-19.46586
623.9,-19.3656,-19.45407,-19.19563,-19.59543,-19.44728
624,-19.35508,-19.44018,-19.18906,-19.57354,-19.44485
624.1,-19.36659,-19.44958,-19.19545,-19.56274,-19.42186
624.2,-19.37316,-19.45321,-19.19468,-19.54974,-19.4253
624.3,-19.36875,-19.45696,-19.20712,-19.57891,-19.44791
624.4,-19.36322,-19.468,-19.20756,-19.57914,-19.46808
624.5,-19.35077,-19.46539,-19.20437,-19.55678,-19.47084
624.6,-19.33517,-19.47086,-19.2295,-19.56697,-19.4779
624.7,-19.35658,-19.46003,-19.21728,-19.58393,-19.49858
624.8,-19.3631,-19.45872,-19.20861,-19.56099,-19.4975
624.9,-19.36934,-19.45237,-19.20035,-19.57172,-19.50088
625,-19.36253,-19.43931,-19.20176,-19.56412,-19.48137
625.1,-19.36976,-19.43579,-19.20181,-19.58595,-19.48109
625.2,-19.36964,-19.41597,-19.21022,-19.59465,-19.48028
625.3,-19.33863,-19.41437,-19.22097,-19.59113,-19.50649
625.4,-19.32168,-19.42342,-19.23897,-19.59067,-19.49951
625.5,-19.32721,-19.4336,-19.24098,-19.58261,-19.4759
625.6,-19.29859,-19.44414,-19.24902,-19.58732,-19.48873
625.7,-19.29478,-19.43143,-19.26074,-19.57311,-19.48365
625.8,-19.30528,-19.42952,-19.23665,-19.56464,-19.46653
625.9,-19.31132,-19.44424,-19.23608,-19.57826,-19.4413
626,-19.32274,-19.43845,-19.241,-19.57117,-19.44855
626.1,-19.30285,-19.44126,-19.26133,-19.54317,-19.46427
626.2,-19.32495,-19.43055,-19.29298,-19.53298,-19.47177
626.3,-19.33627,-19.42062,-19.31907,-19.53833,-19.46445
626.4,-19.32788,-19.43581,-19.32401,-19.55539,-19.4741
626.5,-19.31916,-19.40549,-19.33126,-19.53414,-19.48432
626.6,-19.34395,-19.42238,-19.31938,-19.53464,-19.49714
626.7,-19.37152,-19.4115,-19.33021,-19.55544,-19.48852
626.8,-19.34811,-19.42037,-19.33442,-19.55871,-19.48051
626.9,-19.35659,-19.42849,-19.29964,-19.56044,-19.48735
627,-19.36872,-19.41951,-19.30186,-19.57564,-19.46948
627.1,-19.36986,-19.42064,-19.29688,-19.57543,-19.4571
627.2,-19.38262,-19.42273,-19.30077,-19.56996,-19.4808
627.3,-19.38987,-19.42932,-19.29238,-19.54442,-19.51915
627.4,-19.39055,-19.43818,-19.28754,-19.55508,-19.51069
627.5,-19.37856,-19.43382,-19.28007,-19.55477,-19.50336
627.6,-19.38449,-19.44625,-19.29024,-19.5719,-19.49577
627.7,-19.37794,-19.43851,-19.28834,-19.53377,-19.49922
627.8,-19.37601,-19.43577,-19.30102,-19.52434,-19.5066
627.9,-19.35934,-19.41334,-19.3162,-19.52476,-19.50084
628,-19.35514,-19.38762,-19.30386,-19.51249,-19.51104
628.1,-19.35259,-19.40441,-19.29307,-19.51204,-19.49961
628.2,-19.37092,-19.37756,-19.31886,-19.52338,-19.49624
628.3,-19.36633,-19.39715,-19.32658,-19.53394,-19.50184
628.4,-19.38337,-19.39496,-19.32777,-19.53421,-19.49385
628.5,-19.40316,-19.38761,-19.33602,-19.55209,-19.50496
628.6,-19.39057,-19.40135,-19.35024,-19.54884,-19.4772
628.7,-19.38087,-19.39503,-19.33185,-19.56103,-19.48548
628.8,-19.38486,-19.40845,-19.35464,-19.57529,-19.49237
628.9,-19.3959,-19.40869,-19.35828,-19.55691,-19.50185
629,-19.39754,-19.4147,-19.36789,-19.54335,-19.48612
629.1,-19.40485,-19.40592,-19.38412,-19.56419,-19.48107
629.2,-19.4184,-19.40369,-19.38615,-19.60048,-19.48073
629.3,-19.43647,-19.4195,-19.40371,-19.58828,-19.48501
629.4,-19.43146,-19.42069,-19.42873,-19.56826,-19.49895
629.5,-19.44071,-19.42655,-19.44653,-19.55442,-19.49021
629.6,-19.43295,-19.40608,-19.43818,-19.58193,-19.50288
629.7,-19.41141,-19.40548,-19.44753,-19.58364,-19.51305
629.8,-19.40267,-19.40874,-19.44422,-19.59523,-19.48371
629.9,-19.38802,-19.39245,-19.42082,-19.58001,-19.49399
630,-19.40418,-19.37417,-19.40776,-19.58754,-19.48771
630.1,-19.40851,-19.3927,-19.42243,-19.57684,-19.50175
630.2,-19.40353,-19.3724,-19.41531,-19.58068,-19.50162
630.3,-19.42056,-19.3776,-19.43657,-19.57285,-19.48203
630.4,-19.41349,-19.4004,-19.41985,-19.5593,-19.47362
630.5,-19.40119,-19.40658,-19.41392,-19.54448,-19.45542
630.6,-19.37682,-19.38899,-19.41786,-19.53159,-19.44566
630.7,-19.35165,-19.38199,-19.39104,-19.5394,-19.4437
630.8,-19.37268,-19.36733,-19.38797,-19.51172,-19.46943
630.9,-19.3603,-19.37334,-19.38075,-19.51823,-19.48087
631,-19.37601,-19.36038,-19.35679,-19.53496,-19.51222
631.1,-19.37882,-19.34779,-19.35527,-19.53807,-19.51061
631.2,-19.3807,-19.35574,-19.35295,-19.51538,-19.50182
631.3,-19.37263,-19.35979,-19.34271,-19.49863,-19.49053
631.4,-19.3593,-19.36891,-19.35061,-19.50641,-19.5036
631.5,-19.37388,-19.38453,-19.32762,-19.52103,-19.48619
631.6,-19.37,-19.41077,-19.32319,-19.50947,-19.48737
631.7,-19.36221,-19.43018,-19.35636,-19.53285,-19.48922
631.8,-19.34807,-19.42879,-19.35345,-19.53126,-19.49595
631.9,-19.34307,-19.44079,-19.35144,-19.55079,-19.49936
632,-19.35891,-19.43695,-19.36675,-19.58256,-19.48852
632.1,-19.37057,-19.43398,-19.375,-19.55564,-19.49093
632.2,-19.35776,-19.42891,-19.37926,-19.56652,-19.49886
632.3,-19.37105,-19.43953,-19.37397,-19.56204,-19.48771
632.4,-19.4029,-19.43354,-19.38171,-19.56593,-19.48314
632.5,-19.39423,-19.43504,-19.39006,-19.56817,-19.51544
632.6,-19.37158,-19.41797,-19.39821,-19.56261,-19.51009
632.7,-19.37203,-19.41971,-19.40295,-19.56069,-19.50117
632.8,-19.39588,-19.43342,-19.42662,-19.55702,-19.49357
632.9,-19.37661,-19.40362,-19.4295,-19.55875,-19.49636
633,-19.37392,-19.40453,-19.45662,-19.55962,-19.50379
633.1,-19.3891,-19.40326,-19.45784,-19.55525,-19.49165
633.2,-19.38449,-19.40988,-19.45103,-19.54705,-19.47761
633.3,-19.38511,-19.39462,-19.4295,-19.55644,-19.47718
633.4,-19.39495,-19.38735,-19.44083,-19.54969,-19.48678
633.5,-19.42772,-19.38604,-19.45282,-19.56356,-19.49743
633.6,-19.42901,-19.3802,-19.44037,-19.55488,-19.49275
633.7,-19.43407,-19.37606,-19.4524,-19.55446,-19.4861
633.8,-19.44613,-19.39089,-19.47235,-19.52712,-19.5001
633.9,-19.44838,-19.41068,-19.46862,-19.49875,-19.48518
634,-19.45586,-19.39731,-19.46893,-19.49575,-19.48924
634.1,-19.44104,-19.39311,-19.47008,-19.48608,-19.50118
634.2,-19.43516,-19.38473,-19.48291,-19.48751,-19.49105
634.3,-19.45164,-19.38309,-19.47373,-19.48047,-19.49011
634.4,-19.43871,-19.37195,-19.46793,-19.47554,-19.48305
634.5,-19.44326,-19.36693,-19.45135,-19.49404,-19.47817
634.6,-19.45018,-19.36858,-19.43681,-19.49938,-19.48531
634.7,-19.45024,-19.37174,-19.44645,-19.50121,-19.50171
634.8,-19.4477,-19.37865,-19.41905,-19.48321,-19.49649
634.9,-19.44871,-19.37137,-19.4114,-19.48523,-19.4734
635,-19.45232,-19.36985,-19.39799,-19.48874,-19.48119
635.1,-19.42425,-19.36873,-19.39228,-19.46752,-19.46265
635.2,-19.42082,-19.37425,-19.38792,-19.45336,-19.45247
635.3,-19.42305,-19.38371,-19.37244,-19.44837,-19.45234
635.4,-19.44427,-19.39371,-19.35688,-19.45635,-19.46467
635.5,-19.42903,-19.36789,-19.35838,-19.46517,-19.46987
635.6,-19.41721,-19.357,-19.36069,-19.45927,-19.46198
635.7,-19.40528,-19.37187,-19.36704,-19.46183,-19.47669
635.8,-19.3976,-19.37138,-19.38342,-19.45621,-19.47365
635.9,-19.41556,-19.36646,-19.38636,-19.46003,-19.48655
636,-19.41804,-19.37671,-19.39366,-19.477,-19.47018
636.1,-19.40272,-19.37681,-19.38528,-19.47297,-19.45121
636.2,-19.38864,-19.3531,-19.3945,-19.47493,-19.44525
636.3,-19.40514,-19.35471,-19.39494,-19.48728,-19.4363
636.4,-19.40648,-19.3452,-19.39112,-19.48875,-19.43477
636.5,-19.40555,-19.33342,-19.3996,-19.50414,-19.43169
636.6,-19.39668,-19.32891,-19.38431,-19.52461,-19.43008
636.7,-19.40642,-19.34798,-19.36058,-19.52243,-19.42086
636.8,-19.41464,-19.32892,-19.36388,-19.51623,-19.42668
636.9,-19.39509,-19.30835,-19.37891,-19.5191,-19.42203
637,-19.43643,-19.31637,-19.38912,-19.5163,-19.41709
637.1,-19.43499,-19.32429,-19.39471,-19.49583,-19.40597
637.2,-19.42471,-19.3427,-19.39972,-19.48566,-19.398
637.3,-19.42527,-19.32091,-19.42883,-19.48022,-19.39938
637.4,-19.44669,-19.30656,-19.41031,-19.4825,-19.40874
637.5,-19.44474,-19.31495,-19.39995,-19.48204,-19.41668
637.6,-19.44591,-19.31662,-19.40012,-19.48313,-19.41434
637.7,-19.44822,-19.33451,-19.41544,-19.48369,-19.40591
637.8,-19.44873,-19.33924,-19.40257,-19.49295,-19.40932
637.9,-19.46002,-19.33408,-19.40629,-19.4916,-19.38113
638,-19.47729,-19.31736,-19.39228,-19.50206,-19.36788
638.1,-19.46918,-19.32421,-19.39604,-19.49551,-19.35602
638.2,-19.4901,-19.31622,-19.40834,-19.49627,-19.35584
638.3,-19.48552,-19.31134,-19.39674,-19.49548,-19.34233
638.4,-19.46161,-19.31652,-19.37998,-19.50619,-19.3396
638.5,-19.45267,-19.34038,-19.3779,-19.54366,-19.33226
638.6,-19.46847,-19.33089,-19.38467,-19.54023,-19.32895
638.7,-19.45174,-19.32443,-19.38116,-19.56663,-19.35038
638.8,-19.4676,-19.32992,-19.38739,-19.57891,-19.33702
638.9,-19.46623,-19.34532,-19.39665,-19.56428,-19.32344
639,-19.45578,-19.33625,-19.41638,-19.54943,-19.34399
639.1,-19.4375,-19.35367,-19.42006,-19.52862,-19.33688
639.2,-19.44869,-19.34844,-19.43269,-19.51518,-19.36424
639.3,-19.46106,-19.34398,-19.43297,-19.51723,-19.34435
639.4,-19.47524,-19.36072,-19.42734,-19.52705,-19.33947
639.5,-19.48253,-19.34959,-19.44069,-19.51466,-19.35406
639.6,-19.44696,-19.35778,-19.43887,-19.49783,-19.33394
639.7,-19.44508,-19.35252,-19.45682,-19.49816,-19.3739
639.8,-19.44702,-19.36688,-19.46055,-19.49572,-19.38035
639.9,-19.46936,-19.33315,-19.47424,-19.49636,-19.38252
640,-19.46211,-19.34708,-19.47106,-19.50437,-19.3769
640.1,-19.45951,-19.3455,-19.47631,-19.51942,-19.37564
640.2,-19.43842,-19.35067,-19.48318,-19.51532,-19.3818
640.3,-19.42907,-19.35033,-19.46738,-19.51219,-19.39165
640.4,-19.42499,-19.34495,-19.4653,-19.50656,-19.37639
640.5,-19.41655,-19.33638,-19.45871,-19.5201,-19.36705
640.6,-19.43196,-19.3348,-19.46798,-19.52854,-19.3497
640.7,-19.44341,-19.30758,-19.44525,-19.5244,-19.33919
640.8,-19.46083,-19.30786,-19.46322,-19.51051,-19.35363
640.9,-19.44567,-19.31494,-19.43545,-19.50777,-19.35329
641,-19.44439,-19.29982,-19.44196,-19.50926,-19.36396
641.1,-19.45491,-19.3105,-19.44665,-19.5026,-19.35457
641.2,-19.47228,-19.31054,-19.41164,-19.52267,-19.35566
641.3,-19.4539,-19.2941,-19.40622,-19.51563,-19.36485
641.4,-19.48608,-19.29607,-19.40114,-19.48593,-19.36571
641.5,-19.49889,-19.30038,-19.40778,-19.49631,-19.37082
641.6,-19.51122,-19.29308,-19.40173,-19.50144,-19.36929
641.7,-19.4991,-19.29033,-19.41208,-19.52827,-19.37585
641.8,-19.50402,-19.281,-19.42632,-19.52352,-19.35414
641.9,-19.52419,-19.30083,-19.43152,-19.52611,-19.35561
642,-19.52761,-19.31715,-19.43294,-19.49977,-19.33083
642.1,-19.51687,-19.29979,-19.43698,-19.4966,-19.31287
642.2,-19.49245,-19.28105,-19.43199,-19.51414,-19.32688
642.3,-19.5028,-19.27676,-19.44534,-19.50741,-19.31161
642.4,-19.51563,-19.27371,-19.45227,-19.50027,-19.29692
642.5,-19.52706,-19.27891,-19.46957,-19.48985,-19.3159
642.6,-19.50956,-19.29767,-19.46721,-19.48369,-19.30727
642.7,-19.50846,-19.28183,-19.47466,-19.48132,-19.31007
642.8,-19.50176,-19.27872,-19.45824,-19.49317,-19.33367
642.9,-19.4934,-19.31222,-19.47289,-19.52309,-19.36434
643,-19.48622,-19.31752,-19.48533,-19.53637,-19.34183
643.1,-19.5006,-19.33437,-19.48041,-19.53401,-19.35189
643.2,-19.49973,-19.34823,-19.47698,-19.51848,-19.35577
643.3,-19.51234,-19.32361,-19.4929,-19.51101,-19.35279
643.4,-19.51552,-19.30319,-19.4945,-19.53646,-19.35398
643.5,-19.51707,-19.30849,-19.4981,-19.52575,-19.34804
643.6,-19.50451,-19.28966,-19.49786,-19.52923,-19.34247
643.7,-19.515,-19.29785,-19.47059,-19.53072,-19.34287
643.8,-19.51692,-19.30652,-19.46678,-19.51647,-19.32297
643.9,-19.51101,-19.30228,-19.4764,-19.54366,-19.32281
644,-19.50153,-19.29258,-19.48003,-19.54166,-19.34447
644.1,-19.49105,-19.29391,-19.49084,-19.55635,-19.34658
644.2,-19.47868,-19.27364,-19.48631,-19.53443,-19.35141
644.3,-19.4818,-19.28012,-19.47398,-19.53807,-19.38569
644.4,-19.46922,-19.29585,-19.47158,-19.52134,-19.3853
644.5,-19.49268,-19.34491,-19.47653,-19.51844,-19.39145
644.6,-19.48282,-19.35999,-19.49725,-19.5216,-19.39456
644.7,-19.47727,-19.37563,-19.50442,-19.51737,-19.38429
644.8,-19.46426,-19.36155,-19.50442,-19.51524,-19.36523
644.9,-19.46294,-19.372,-19.49765,-19.51422,-19.35633
645,-19.44841,-19.35764,-19.50924,-19.4876,-19.33937
645.1,-19.44223,-19.36706,-19.524,-19.47966,-19.34123
645.2,-19.43601,-19.40141,-19.53323,-19.47506,-19.34749
645.3,-19.46153,-19.38955,-19.51766,-19.469,-19.34096
645.4,-19.46777,-19.37543,-19.51959,-19.46263,-19.33603
645.5,-19.46031,-19.35478,-19.54895,-19.46941,-19.32467
645.6,-19.4452,-19.34376,-19.53309,-19.45678,-19.32957
645.7,-19.46651,-19.36373,-19.55255,-19.46158,-19.31734
645.8,-19.45638,-19.34947,-19.56013,-19.46487,-19.33164
645.9,-19.46725,-19.34927,-19.54358,-19.44876,-19.31156
646,-19.47593,-19.3404,-19.54659,-19.46514,-19.30476
646.1,-19.46708,-19.34068,-19.54551,-19.47192,-19.32143
646.2,-19.4586,-19.34804,-19.53544,-19.47529,-19.288
646.3,-19.45243,-19.34274,-19.52086,-19.48057,-19.31193
646.4,-19.45474,-19.34266,-19.53031,-19.47906,-19.32593
646.5,-19.44579,-19.3434,-19.52309,-19.48774,-19.33969
646.6,-19.42655,-19.35416,-19.51836,-19.49439,-19.32417
646.7,-19.45168,-19.35722,-19.53182,-19.49747,-19.31007
646.8,-19.43951,-19.35678,-19.51752,-19.48862,-19.32106
646.9,-19.46064,-19.36597,-19.50902,-19.50299,-19.32966
647,-19.46404,-19.35779,-19.51576,-19.48303,-19.29492
647.1,-19.48612,-19.34282,-19.50303,-19.46971,-19.31335
647.2,-19.50888,-19.34469,-19.49752,-19.47446,-19.32197
647.3,-19.51272,-19.35423,-19.50359,-19.46895,-19.29257
647.4,-19.49816,-19.35044,-19.51057,-19.45353,-19.30874
647.5,-19.49791,-19.35356,-19.51017,-19.45221,-19.30133
647.6,-19.48129,-19.34672,-19.52162,-19.43895,-19.2845
647.7,-19.46449,-19.37519,-19.52736,-19.42129,-19.28192
647.8,-19.47199,-19.38464,-19.50311,-19.39756,-19.29156
647.9,-19.49477,-19.3822,-19.48855,-19.38746,-19.30367
648,-19.50495,-19.3969,-19.48493,-19.37215,-19.29919
648.1,-19.51641,-19.37712,-19.47417,-19.38276,-19.2909
648.2,-19.52892,-19.36711,-19.47798,-19.37814,-19.27794
648.3,-19.51349,-19.3741,-19.48384,-19.39397,-19.26145
648.4,-19.51028,-19.37671,-19.49355,-19.40503,-19.27032
648.5,-19.51694,-19.37373,-19.51023,-19.42354,-19.26878
648.6,-19.52638,-19.363,-19.4904,-19.41545,-19.28046
648.7,-19.50145,-19.37238,-19.47233,-19.41062,-19.2655
648.8,-19.5071,-19.36552,-19.45191,-19.40599,-19.26009
648.9,-19.50655,-19.35407,-19.44165,-19.42488,-19.27845
649,-19.48698,-19.3389,-19.46151,-19.4294,-19.26128
649.1,-19.49887,-19.34434,-19.46014,-19.38368,-19.25719
649.2,-19.50911,-19.35448,-19.4364,-19.40135,-19.2405
649.3,-19.50167,-19.3584,-19.4212,-19.38261,-19.24199
649.4,-19.51334,-19.36701,-19.41017,-19.38651,-19.23977
649.5,-19.49735,-19.3984,-19.39551,-19.37487,-19.22477
649.6,-19.48532,-19.42944,-19.38771,-19.41693,-19.22214
649.7,-19.48561,-19.42447,-19.38608,-19.41241,-19.24838
649.8,-19.4655,-19.41534,-19.38125,-19.42123,-19.23222
649.9,-19.46632,-19.41201,-19.39636,-19.41289,-19.23733
650,-19.46302,-19.40092,-19.417,-19.40778,-19.25361
650.1,-19.44152,-19.41844,-19.44103,-19.41108,-19.22863
650.2,-19.42516,-19.39541,-19.45991,-19.40956,-19.23631
650.3,-19.42155,-19.37975,-19.47552,-19.3859,-19.23027
650.4,-19.44114,-19.37171,-19.48973,-19.36067,-19.23374
650.5,-19.4257,-19.37433,-19.49704,-19.36627,-19.24135
650.6,-19.4312,-19.3823,-19.50705,-19.3672,-19.22981
650.7,-19.43938,-19.40547,-19.50398,-19.38697,-19.25894
650.8,-19.44333,-19.41784,-19.49237,-19.37903,-19.28419
650.9,-19.45823,-19.42892,-19.50138,-19.39344,-19.29279
651,-19.44825,-19.43418,-19.51467,-19.38903,-19.3049
651.1,-19.45304,-19.43945,-19.51623,-19.3781,-19.29676
651.2,-19.44063,-19.43171,-19.50934,-19.38277,-19.29085
651.3,-19.44133,-19.42602,-19.51268,-19.40126,-19.32056
651.4,-19.45033,-19.41708,-19.54768,-19.39238,-19.30915
651.5,-19.45705,-19.42116,-19.51292,-19.37944,-19.30647
651.6,-19.47021,-19.43211,-19.52433,-19.36356,-19.30606
651.7,-19.4534,-19.44143,-19.50358,-19.35061,-19.28912
651.8,-19.47129,-19.42937,-19.50526,-19.32918,-19.3039
651.9,-19.45874,-19.42705,-19.50071,-19.31961,-19.28896
652,-19.47386,-19.43628,-19.49736,-19.32495,-19.29611
652.1,-19.47341,-19.45003,-19.46194,-19.30877,-19.31245
652.2,-19.4582,-19.44872,-19.44452,-19.3024,-19.29171
652.3,-19.44872,-19.41928,-19.44708,-19.31898,-19.30217
652.4,-19.45424,-19.4075,-19.44175,-19.31361,-19.3336
652.5,-19.4594,-19.3861,-19.45022,-19.31739,-19.33345
652.6,-19.45572,-19.40099,-19.44092,-19.29337,-19.33185
652.7,-19.44611,-19.42198,-19.44642,-19.26633,-19.31671
652.8,-19.45964,-19.43377,-19.43967,-19.27742,-19.32201
652.9,-19.48942,-19.44141,-19.46697,-19.2928,-19.30237
653,-19.48931,-19.45773,-19.4497,-19.28192,-19.30111
653.1,-19.49257,-19.4386,-19.4389,-19.29925,-19.29601
653.2,-19.49573,-19.38966,-19.44373,-19.30607,-19.29068
653.3,-19.48523,-19.37503,-19.4541,-19.28588,-19.2839
653.4,-19.48797,-19.38361,-19.45119,-19.28017,-19.27369
653.5,-19.50522,-19.39377,-19.41559,-19.28202,-19.25871
653.6,-19.51521,-19.39994,-19.42882,-19.29055,-19.23888
653.7,-19.49554,-19.41317,-19.42074,-19.2685,-19.23164
653.8,-19.51495,-19.40953,-19.43185,-19.26508,-19.2575
653.9,-19.54219,-19.39637,-19.44639,-19.25437,-19.26389
654,-19.55142,-19.39839,-19.44844,-19.28038,-19.26926
654.1,-19.54001,-19.40694,-19.43829,-19.27742,-19.27701
654.2,-19.52616,-19.39855,-19.44615,-19.28463,-19.26124
654.3,-19.52366,-19.39469,-19.45205,-19.30228,-19.28119
654.4,-19.51657,-19.3844,-19.43016,-19.29461,-19.29637
654.5,-19.50504,-19.39116,-19.43255,-19.30159,-19.30012
654.6,-19.52024,-19.39934,-19.43868,-19.29149,-19.28783
654.7,-19.50452,-19.37776,-19.40712,-19.30428,-19.30281
654.8,-19.50115,-19.38548,-19.52801,-19.29654,-19.28119
654.9,-19.49478,-19.38822,-19.53987,-19.28888,-19.29868
655,-19.49637,-19.37431,-19.5468,-19.29021,-19.27799
655.1,-19.50042,-19.35872,-19.55393,-19.26658,-19.26692
655.2,-19.52603,-19.34626,-19.57183,-19.27597,-19.27223
655.3,-19.53707,-19.33108,-19.54824,-19.28139,-19.25629
655.4,-19.54062,-19.30789,-19.55999,-19.27216,-19.27512
655.5,-19.54156,-19.30473,-19.55613,-19.25054,-19.28795
655.6,-19.52152,-19.29229,-19.5505,-19.26002,-19.28171
655.7,-19.49829,-19.29695,-19.54008,-19.27616,-19.27534
655.8,-19.48797,-19.30244,-19.53426,-19.26205,-19.27888
655.9,-19.50454,-19.2823,-19.51571,-19.29404,-19.2742
656,-19.49227,-19.29507,-19.51457,-19.28767,-19.27091
656.1,-19.50167,-19.33195,-19.52723,-19.30803,-19.27593
656.2,-19.48088,-19.34015,-19.53234,-19.2968,-19.26966
656.3,-19.51815,-19.31367,-19.53121,-19.27628,-19.26481
656.4,-19.49902,-19.32393,-19.51331,-19.27646,-19.2468
656.5,-19.47942,-19.32172,-19.50993,-19.30643,-19.24247
656.6,-19.47687,-19.3201,-19.49446,-19.2644,-19.26425
656.7,-19.49893,-19.34088,-19.48173,-19.26224,-19.26681
656.8,-19.50394,-19.32468,-19.48738,-19.26499,-19.27902
656.9,-19.50733,-19.34114,-19.4724,-19.26979,-19.28699
657,-19.48726,-19.32622,-19.4753,-19.27416,-19.27152
657.1,-19.50282,-19.355,-19.46264,-19.26011,-19.27422
657.2,-19.49818,-19.36062,-19.48499,-19.25177,-19.28083
657.3,-19.46318,-19.3778,-19.48243,-19.25546,-19.28276
657.4,-19.46897,-19.36117,-19.47284,-19.27163,-19.29903
657.5,-19.49033,-19.3596,-19.4778,-19.26347,-19.28745
657.6,-19.50057,-19.36187,-19.48081,-19.2634,-19.3017
657.7,-19.51258,-19.35612,-19.49288,-19.27854,-19.30273
657.8,-19.50127,-19.35782,-19.47061,-19.28813,-19.31421
657.9,-19.51954,-19.35488,-19.45188,-19.26977,-19.29207
658,-19.51198,-19.33872,-19.46127,-19.24955,-19.31852
658.1,-19.49267,-19.35071,-19.43608,-19.24616,-19.31729
658.2,-19.4985,-19.36683,-19.42967,-19.25342,-19.31226
658.3,-19.51151,-19.36034,-19.44507,-19.23891,-19.30219
658.4,-19.50735,-19.34674,-19.43624,-19.24003,-19.29789
658.5,-19.50114,-19.34338,-19.44272,-19.246,-19.28749
658.6,-19.5011,-19.34166,-19.41526,-19.25664,-19.29982
658.7,-19.48297,-19.34897,-19.41246,-19.25101,-19.31061
658.8,-19.47162,-19.34675,-19.40849,-19.27026,-19.32732
658.9,-19.45115,-19.33697,-19.41536,-19.26289,-19.3361
659,-19.48334,-19.3364,-19.41629,-19.2445,-19.32722
659.1,-19.47395,-19.32581,-19.41189,-19.23383,-19.30847
659.2,-19.48919,-19.3058,-19.42234,-19.25175,-19.28007
659.3,-19.48837,-19.29032,-19.40838,-19.25208,-19.26468
659.4,-19.47744,-19.30134,-19.40068,-19.25197,-19.28312
659.5,-19.46455,-19.29891,-19.41153,-19.23924,-19.27346
659.6,-19.45897,-19.30908,-19.40956,-19.25585,-19.2953
659.7,-19.45922,-19.30492,-19.41079,-19.27125,-19.29465
659.8,-19.43934,-19.30886,-19.41831,-19.26962,-19.29796
659.9,-19.42525,-19.30317,-19.43006,-19.27409,-19.30413
660,-19.42278,-19.30881,-19.41688,-19.27765,-19.29497
660.1,-19.43119,-19.3112,-19.42141,-19.28227,-19.29421
660.2,-19.42879,-19.29833,-19.43247,-19.26951,-19.28374
660.3,-19.43828,-19.29773,-19.43472,-19.26831,-19.29302
660.4,-19.45878,-19.28918,-19.43754,-19.25017,-19.30149
660.5,-19.47125,-19.27634,-19.41922,-19.24355,-19.32015
660.6,-19.47964,-19.28232,-19.41379,-19.22597,-19.30737
660.7,-19.44583,-19.30075,-19.41582,-19.22747,-19.30477
660.8,-19.46961,-19.29587,-19.43355,-19.22388,-19.3057
660.9,-19.46631,-19.30385,-19.43836,-19.22187,-19.29793
661,-19.46624,-19.31003,-19.45436,-19.23721,-19.29103
661.1,-19.47311,-19.32563,-19.46282,-19.24525,-19.31337
661.2,-19.45528,-19.33037,-19.47556,-19.26047,-19.3195
661.3,-19.4317,-19.33214,-19.48307,-19.25537,-19.32786
661.4,-19.43181,-19.32781,-19.47379,-19.25711,-19.34384
661.5,-19.42223,-19.35621,-19.47469,-19.25581,-19.32803
661.6,-19.40171,-19.36025,-19.44711,-19.26103,-19.32207
661.7,-19.40158,-19.35031,-19.45694,-19.26773,-19.31664
661.8,-19.41117,-19.34395,-19.43062,-19.285,-19.30909
661.9,-19.422,-19.34097,-19.436,-19.28848,-19.31327
662,-19.40997,-19.30533,-19.45124,-19.29857,-19.30635
662.1,-19.39972,-19.29565,-19.44688,-19.31234,-19.2882
662.2,-19.40538,-19.29666,-19.44808,-19.30236,-19.25407
662.3,-19.40223,-19.30979,-19.45504,-19.31811,-19.25547
662.4,-19.40352,-19.28509,-19.45274,-19.33061,-19.25391
662.5,-19.41752,-19.28769,-19.44149,-19.32656,-19.27341
662.6,-19.42444,-19.3,-19.41832,-19.30657,-19.27703
662.7,-19.43164,-19.30325,-19.40922,-19.31104,-19.27006
662.8,-19.42336,-19.3093,-19.42756,-19.28388,-19.28267
662.9,-19.41193,-19.30365,-19.43241,-19.29455,-19.30466
663,-19.39603,-19.2989,-19.40056,-19.30284,-19.30565
663.1,-19.38684,-19.29478,-19.38473,-19.28457,-19.29631
663.2,-19.37549,-19.31923,-19.37269,-19.2971,-19.31249
663.3,-19.36866,-19.30382,-19.37546,-19.32264,-19.2916
663.4,-19.34658,-19.31725,-19.3733,-19.30563,-19.27655
663.5,-19.36669,-19.31758,-19.3819,-19.26552,-19.27179
663.6,-19.37844,-19.32982,-19.3701,-19.26249,-19.24581
663.7,-19.37926,-19.32568,-19.37635,-19.26714,-19.21963
663.8,-19.38196,-19.32739,-19.38163,-19.27316,-19.21119
663.9,-19.37829,-19.33975,-19.40267,-19.27621,-19.22903
664,-19.38542,-19.3402,-19.39723,-19.29953,-19.26233
664.1,-19.40229,-19.3477,-19.40426,-19.29795,-19.27271
664.2,-19.41842,-19.3621,-19.39218,-19.29517,-19.28157
664.3,-19.42102,-19.34397,-19.36823,-19.29446,-19.29577
664.4,-19.4185,-19.36386,-19.37002,-19.27199,-19.28387
664.5,-19.42577,-19.33934,-19.37671,-19.26865,-19.28911
664.6,-19.40647,-19.33655,-19.37753,-19.25834,-19.25166
664.7,-19.37581,-19.33791,-19.389,-19.24759,-19.22496
664.8,-19.39085,-19.34695,-19.3761,-19.22007,-19.24008
664.9,-19.38101,-19.36224,-19.36445,-19.23885,-19.25261
665,-19.39508,-19.37571,-19.35803,-19.22687,-19.2429
665.1,-19.40564,-19.35803,-19.3527,-19.23653,-19.23861
665.2,-19.42885,-19.36914,-19.34587,-19.23758,-19.24274
665.3,-19.41495,-19.37251,-19.35276,-19.25,-19.23731
665.4,-19.40409,-19.36489,-19.35923,-19.2625,-19.25142
665.5,-19.39269,-19.36417,-19.38935,-19.255,-19.27109
665.6,-19.38892,-19.36797,-19.39031,-19.26738,-19.26886
665.7,-19.34751,-19.38432,-19.38351,-19.24912,-19.28551
665.8,-19.33365,-19.37771,-19.3893,-19.23617,-19.29141
665.9,-19.33206,-19.37922,-19.37919,-19.22719,-19.28286
666,-19.36368,-19.35687,-19.3769,-19.21364,-19.26706
666.1,-19.34567,-19.35935,-19.37267,-19.204,-19.26849
666.2,-19.36479,-19.36241,-19.36291,-19.19077,-19.2421
666.3,-19.36883,-19.36414,-19.36102,-19.17957,-19.25079
666.4,-19.37844,-19.35634,-19.35014,-19.18881,-19.2535
666.5,-19.40678,-19.35646,-19.33468,-19.19345,-19.23919
666.6,-19.40365,-19.34848,-19.33516,-19.19241,-19.23317
666.7,-19.40733,-19.34946,-19.34572,-19.21654,-19.22611
666.8,-19.38462,-19.33234,-19.35181,-19.23909,-19.26286
666.9,-19.3552,-19.32472,-19.36844,-19.24579,-19.25433
667,-19.36401,-19.34351,-19.3658,-19.24789,-19.26444
667.1,-19.37205,-19.36033,-19.38696,-19.26571,-19.2722
667.2,-19.3815,-19.35002,-19.39206,-19.26214,-19.2666
667.3,-19.38665,-19.35837,-19.39041,-19.25128,-19.27394
667.4,-19.36908,-19.36223,-19.40085,-19.23992,-19.27022
667.5,-19.38184,-19.37006,-19.39199,-19.23658,-19.27294
667.6,-19.38472,-19.36972,-19.37243,-19.22136,-19.3046
667.7,-19.37522,-19.36697,-19.37491,-19.22853,-19.32579
667.8,-19.37516,-19.36605,-19.38242,-19.23963,-19.31247
667.9,-19.34962,-19.37287,-19.39724,-19.24438,-19.26873
668,-19.36206,-19.37649,-19.40032,-19.25257,-19.26873
668.1,-19.38174,-19.36216,-19.38449,-19.23019,-19.27957
668.2,-19.39118,-19.36388,-19.38133,-19.21112,-19.26748
668.3,-19.38942,-19.36388,-19.40242,-19.21234,-19.25455
668.4,-19.38206,-19.35455,-19.37093,-19.23598,-19.25638
668.5,-19.39046,-19.36436,-19.34575,-19.23262,-19.27215
668.6,-19.39686,-19.3846,-19.34664,-19.23375,-19.24335
668.7,-19.39731,-19.38473,-19.36074,-19.23673,-19.22232
668.8,-19.36849,-19.39591,-19.3855,-19.21849,-19.21236
668.9,-19.38157,-19.383,-19.34513,-19.2316,-19.20425
669,-19.39199,-19.38422,-19.35677,-19.21703,-19.21069
669.1,-19.39472,-19.3878,-19.38411,-19.23714,-19.21784
669.2,-19.38551,-19.38713,-19.37553,-19.24566,-19.22212
669.3,-19.38657,-19.42285,-19.37774,-19.2318,-19.23613
669.4,-19.3809,-19.41381,-19.40035,-19.20994,-19.24993
669.5,-19.36558,-19.39953,-19.42424,-19.20379,-19.24545
669.6,-19.37723,-19.40695,-19.43119,-19.22058,-19.24758
669.7,-19.3766,-19.41445,-19.41502,-19.23098,-19.26229
669.8,-19.3687,-19.41727,-19.40899,-19.2427,-19.25353
669.9,-19.35732,-19.42594,-19.39308,-19.25406,-19.25126
670,-19.32955,-19.40627,-19.392,-19.24956,-19.24117
670.1,-19.31788,-19.4105,-19.38844,-19.25053,-19.2405
670.2,-19.3321,-19.39888,-19.3986,-19.26469,-19.24047
670.3,-19.34064,-19.41177,-19.4109,-19.25845,-19.23347
670.4,-19.33643,-19.42847,-19.39946,-19.28308,-19.26827
670.5,-19.32385,-19.43066,-19.37082,-19.2922,-19.25686
670.6,-19.31919,-19.44266,-19.38046,-19.29734,-19.26312
670.7,-19.3263,-19.41477,-19.38473,-19.30145,-19.26024
670.8,-19.31802,-19.40625,-19.36996,-19.30564,-19.24355
670.9,-19.34006,-19.41367,-19.38069,-19.3141,-19.24149
671,-19.33178,-19.41286,-19.36994,-19.32925,-19.23432
671.1,-19.33145,-19.4121,-19.38354,-19.33776,-19.22154
671.2,-19.35306,-19.40317,-19.38036,-19.34346,-19.25652
671.3,-19.37636,-19.40451,-19.39288,-19.31642,-19.2653
671.4,-19.37543,-19.41093,-19.41403,-19.29937,-19.25955
671.5,-19.35533,-19.41953,-19.42889,-19.28735,-19.24153
671.6,-19.38178,-19.41486,-19.44081,-19.25912,-19.24107
671.7,-19.37293,-19.41163,-19.45233,-19.25588,-19.25969
671.8,-19.37544,-19.399,-19.4517,-19.25051,-19.25156
671.9,-19.38447,-19.43119,-19.46576,-19.26913,-19.27114
672,-19.40192,-19.42325,-19.46373,-19.25801,-19.27576
672.1,-19.4076,-19.39781,-19.46439,-19.26699,-19.27532
672.2,-19.39838,-19.41687,-19.46387,-19.28053,-19.2757
672.3,-19.40205,-19.42394,-19.4615,-19.26329,-19.26154
672.4,-19.40344,-19.42046,-19.4501,-19.26594,-19.27123
672.5,-19.40382,-19.41701,-19.43195,-19.27634,-19.25232
672.6,-19.40454,-19.40858,-19.42792,-19.24644,-19.26863
672.7,-19.38061,-19.40942,-19.43065,-19.2387,-19.28029
672.8,-19.36586,-19.40647,-19.40832,-19.24341,-19.25994
672.9,-19.37722,-19.41561,-19.41185,-19.25099,-19.26937
673,-19.35869,-19.41162,-19.41455,-19.26263,-19.25038
673.1,-19.3729,-19.40536,-19.42077,-19.27022,-19.26113
673.2,-19.38249,-19.38397,-19.39631,-19.27678,-19.24412
673.3,-19.38583,-19.37544,-19.40323,-19.27255,-19.22524
673.4,-19.35905,-19.35616,-19.41271,-19.24983,-19.22611
673.5,-19.35383,-19.35344,-19.41599,-19.24577,-19.24076
673.6,-19.35245,-19.3629,-19.41718,-19.25253,-19.25447
673.7,-19.35781,-19.35938,-19.43327,-19.22831,-19.23681
673.8,-19.35813,-19.36887,-19.41754,-19.22588,-19.25042
673.9,-19.37372,-19.38387,-19.42048,-19.25163,-19.24892
674,-19.37453,-19.3786,-19.44444,-19.24279,-19.24273
674.1,-19.40123,-19.35885,-19.45526,-19.23122,-19.24119
674.2,-19.39908,-19.36143,-19.46895,-19.25461,-19.2438
674.3,-19.42479,-19.36515,-19.46059,-19.27807,-19.24173
674.4,-19.41797,-19.3635,-19.46593,-19.28569,-19.26021
674.5,-19.39839,-19.36518,-19.46389,-19.29758,-19.27263
674.6,-19.39586,-19.35304,-19.4412,-19.32166,-19.28084
674.7,-19.39193,-19.34644,-19.44322,-19.30595,-19.27452
674.8,-19.40081,-19.34107,-19.44763,-19.28376,-19.26961
674.9,-19.38501,-19.34601,-19.41018,-19.28875,-19.27905
675,-19.38401,-19.32302,-19.42902,-19.2942,-19.2809
675.1,-19.40124,-19.29976,-19.41808,-19.30283,-19.28406
675.2,-19.39764,-19.31054,-19.43195,-19.29781,-19.26868
675.3,-19.38527,-19.33841,-19.45422,-19.2809,-19.27561
675.4,-19.40434,-19.33692,-19.44796,-19.28469,-19.29239
675.5,-19.38997,-19.31792,-19.4461,-19.25309,-19.27685
675.6,-19.37167,-19.31965,-19.45917,-19.27326,-19.28309
675.7,-19.35541,-19.34304,-19.45236,-19.29283,-19.28825
675.8,-19.37055,-19.35472,-19.43734,-19.24272,-19.30087
675.9,-19.37009,-19.36686,-19.43917,-19.25149,-19.29422
676,-19.36299,-19.36682,-19.42766,-19.25518,-19.27474
676.1,-19.34483,-19.37392,-19.44162,-19.25593,-19.25251
676.2,-19.3485,-19.37745,-19.458,-19.25599,-19.2496
676.3,-19.33382,-19.36397,-19.45352,-19.25903,-19.23451
676.4,-19.31939,-19.37302,-19.44681,-19.27176,-19.23991
676.5,-19.32756,-19.36019,-19.43686,-19.26482,-19.2564
676.6,-19.29947,-19.36476,-19.44962,-19.27227,-19.24205
676.7,-19.28428,-19.37413,-19.4522,-19.30188,-19.20331
676.8,-19.29906,-19.38665,-19.46665,-19.29441,-19.20296
676.9,-19.3045,-19.37941,-19.48268,-19.29073,-19.20943
677,-19.30057,-19.36813,-19.48841,-19.29587,-19.21499
677.1,-19.29688,-19.35782,-19.47353,-19.29627,-19.22151
677.2,-19.27622,-19.37112,-19.48493,-19.29934,-19.23499
677.3,-19.28898,-19.39707,-19.50037,-19.28793,-19.24134
677.4,-19.26327,-19.41719,-19.50634,-19.29037,-19.22773
677.5,-19.24577,-19.42095,-19.51358,-19.26352,-19.24421
677.6,-19.24392,-19.39826,-19.50877,-19.25794,-19.22579
677.7,-19.2449,-19.38436,-19.52978,-19.24904,-19.23517
677.8,-19.25561,-19.40488,-19.53918,-19.25571,-19.24167
677.9,-19.24126,-19.40935,-19.52389,-19.25488,-19.22931
678,-19.2411,-19.39748,-19.54035,-19.24895,-19.22818
678.1,-19.2354,-19.38961,-19.5361,-19.21791,-19.21505
678.2,-19.24747,-19.3943,-19.52163,-19.20278,-19.24364
678.3,-19.25162,-19.38526,-19.50579,-19.18691,-19.23171
678.4,-19.24258,-19.37157,-19.49124,-19.1769,-19.22943
678.5,-19.25321,-19.36913,-19.48057,-19.17587,-19.22909
678.6,-19.2489,-19.35335,-19.4726,-19.15823,-19.20979
678.7,-19.27995,-19.33019,-19.46262,-19.14439,-19.22518
678.8,-19.2852,-19.32873,-19.47003,-19.14837,-19.21901
678.9,-19.28782,-19.31692,-19.4675,-19.15911,-19.21255
679,-19.28323,-19.32144,-19.46854,-19.16999,-19.22264
679.1,-19.31087,-19.2962,-19.49312,-19.18816,-19.18814
679.2,-19.31268,-19.29851,-19.5139,-19.18318,-19.1765
679.3,-19.32219,-19.27461,-19.51171,-19.18568,-19.17805
679.4,-19.32632,-19.31406,-19.49126,-19.20075,-19.18064
679.5,-19.33427,-19.31969,-19.50313,-19.1942,-19.16862
679.6,-19.31956,-19.3374,-19.4976,-19.19119,-19.18362
679.7,-19.30995,-19.31851,-19.51016,-19.20682,-19.18208
679.8,-19.31271,-19.29106,-19.5078,-19.22035,-19.18413
679.9,-19.31051,-19.29032,-19.50619,-19.21467,-19.16946
680,-19.29994,-19.3001,-19.49831,-19.22483,-19.16763
680.1,-19.29285,-19.32358,-19.4866,-19.19173,-19.17355
680.2,-19.29263,-19.33372,-19.49311,-19.18539,-19.17937
680.3,-19.27853,-19.32415,-19.4791,-19.19509,-19.20193
680.4,-19.27533,-19.31789,-19.4817,-19.20216,-19.20626
680.5,-19.29192,-19.30624,-19.48659,-19.20823,-19.22515
680.6,-19.30552,-19.32754,-19.51615,-19.20972,-19.21226
680.7,-19.29823,-19.34644,-19.5379,-19.22146,-19.21001
680.8,-19.29632,-19.3393,-19.56298,-19.22074,-19.22881
680.9,-19.29318,-19.34382,-19.54728,-19.21861,-19.22054
681,-19.31283,-19.35403,-19.53657,-19.2289,-19.2186
681.1,-19.32791,-19.34886,-19.5305,-19.23456,-19.21726
681.2,-19.32275,-19.35729,-19.52099,-19.2324,-19.21634
681.3,-19.31031,-19.34611,-19.51464,-19.23901,-19.23754
681.4,-19.32498,-19.34118,-19.52736,-19.24367,-19.23278
681.5,-19.33611,-19.34147,-19.51219,-19.24137,-19.25896
681.6,-19.33389,-19.33936,-19.50591,-19.22955,-19.24337
681.7,-19.33251,-19.35891,-19.50432,-19.2224,-19.24321
681.8,-19.35135,-19.37231,-19.48973,-19.23022,-19.24239
681.9,-19.33693,-19.35829,-19.47367,-19.20806,-19.24359
682,-19.31799,-19.35973,-19.47289,-19.20314,-19.23352
682.1,-19.32058,-19.34653,-19.4592,-19.20011,-19.23075
682.2,-19.30697,-19.34069,-19.45505,-19.20444,-19.21028
682.3,-19.33534,-19.34672,-19.45525,-19.20955,-19.21947
682.4,-19.35342,-19.33616,-19.43916,-19.21772,-19.21643
682.5,-19.35116,-19.33876,-19.45511,-19.19889,-19.23659
682.6,-19.34502,-19.33507,-19.45792,-19.20338,-19.22334
682.7,-19.32851,-19.3441,-19.44773,-19.19527,-19.22135
682.8,-19.31713,-19.35111,-19.44779,-19.2326,-19.24243
682.9,-19.31006,-19.34867,-19.45372,-19.25345,-19.24346
683,-19.31666,-19.33056,-19.44817,-19.21549,-19.23769
683.1,-19.31977,-19.31904,-19.47812,-19.23883,-19.2391
683.2,-19.30264,-19.31871,-19.47001,-19.25282,-19.25355
683.3,-19.2811,-19.3033,-19.45363,-19.2605,-19.23779
683.4,-19.27771,-19.30979,-19.44348,-19.2556,-19.2264
683.5,-19.26578,-19.30808,-19.44951,-19.24793,-19.2477
683.6,-19.24262,-19.33036,-19.4627,-19.25616,-19.25335
683.7,-19.24772,-19.31161,-19.43003,-19.24493,-19.26025
683.8,-19.24296,-19.31562,-19.41233,-19.22164,-19.24474
683.9,-19.25435,-19.29487,-19.40896,-19.21395,-19.23904
684,-19.27389,-19.30303,-19.40159,-19.19503,-19.24755
684.1,-19.28932,-19.28593,-19.39483,-19.19442,-19.25335
684.2,-19.26815,-19.27471,-19.38339,-19.20168,-19.24965
684.3,-19.26296,-19.29805,-19.37062,-19.21985,-19.23551
684.4,-19.25456,-19.29074,-19.37303,-19.21467,-19.25462
684.5,-19.2495,-19.2777,-19.36091,-19.22646,-19.24504
684.6,-19.2583,-19.27211,-19.38013,-19.22817,-19.25727
684.7,-19.27762,-19.27794,-19.38431,-19.23573,-19.27537
684.8,-19.27016,-19.28062,-19.37893,-19.22734,-19.27895
684.9,-19.25516,-19.2995,-19.37191,-19.22202,-19.28051
685,-19.25114,-19.31497,-19.39028,-19.21625,-19.27014
685.1,-19.26132,-19.32918,-19.39651,-19.24309,-19.26012
685.2,-19.27392,-19.33009,-19.38923,-19.24853,-19.26795
685.3,-19.27618,-19.33719,-19.37974,-19.28738,-19.26764
685.4,-19.29309,-19.34484,-19.37835,-19.28662,-19.27404
685.5,-19.29686,-19.34096,-19.37393,-19.28635,-19.28705
685.6,-19.28256,-19.33599,-19.37515,-19.27083,-19.29669
685.7,-19.26487,-19.31094,-19.38448,-19.26761,-19.28146
685.8,-19.24916,-19.32823,-19.38895,-19.25918,-19.29124
685.9,-19.24745,-19.31645,-19.38445,-19.25929,-19.27932
686,-19.26592,-19.30389,-19.37958,-19.27901,-19.27489
686.1,-19.24941,-19.32144,-19.37401,-19.2689,-19.25348
686.2,-19.25977,-19.31652,-19.36144,-19.27074,-19.24978
686.3,-19.26914,-19.32691,-19.35663,-19.2649,-19.26264
686.4,-19.26127,-19.32639,-19.36689,-19.29393,-19.24258
686.5,-19.25343,-19.31853,-19.36762,-19.30126,-19.26601
686.6,-19.25399,-19.30708,-19.35801,-19.29036,-19.27106
686.7,-19.2572,-19.31363,-19.37943,-19.30147,-19.26086
686.8,-19.26199,-19.31055,-19.35891,-19.28505,-19.2585
686.9,-19.27088,-19.30661,-19.36764,-19.28811,-19.25578
687,-19.28449,-19.31958,-19.35354,-19.26068,-19.25939
687.1,-19.26135,-19.29363,-19.37459,-19.26915,-19.23797
687.2,-19.27613,-19.28147,-19.36891,-19.26681,-19.24293
687.3,-19.29547,-19.26676,-19.35999,-19.28371,-19.23913
687.4,-19.30382,-19.24305,-19.36638,-19.30524,-19.23381
687.5,-19.32636,-19.23566,-19.34027,-19.30104,-19.22298
687.6,-19.33652,-19.22167,-19.37281,-19.29022,-19.21643
687.7,-19.34041,-19.24301,-19.39188,-19.28255,-19.22504
687.8,-19.34724,-19.23006,-19.38622,-19.29833,-19.22933
687.9,-19.33985,-19.19044,-19.38048,-19.26593,-19.21028
688,-19.35307,-19.19354,-19.38285,-19.26019,-19.20482
688.1,-19.34379,-19.19429,-19.39364,-19.23776,-19.20514
688.2,-19.33284,-19.20736,-19.39704,-19.24879,-19.2053
688.3,-19.33114,-19.22714,-19.38665,-19.2641,-19.21016
688.4,-19.31808,-19.22904,-19.39031,-19.2572,-19.22653
688.5,-19.31065,-19.22555,-19.40761,-19.26837,-19.22686
688.6,-19.32866,-19.24966,-19.40454,-19.28317,-19.20739
688.7,-19.34443,-19.26121,-19.38616,-19.29382,-19.23185
688.8,-19.35233,-19.27337,-19.40251,-19.28623,-19.2535
688.9,-19.35287,-19.2863,-19.41024,-19.28657,-19.2478
689,-19.35122,-19.27572,-19.43293,-19.29098,-19.27309
689.1,-19.36355,-19.27751,-19.42751,-19.27467,-19.28367
689.2,-19.35348,-19.28071,-19.45248,-19.26593,-19.28182
689.3,-19.34732,-19.29766,-19.43994,-19.27481,-19.29393
689.4,-19.35399,-19.2894,-19.41103,-19.28042,-19.30306
689.5,-19.34518,-19.28755,-19.39105,-19.27881,-19.30515
689.6,-19.34804,-19.29982,-19.38671,-19.28896,-19.29853
689.7,-19.35045,-19.30496,-19.39257,-19.28739,-19.30161
689.8,-19.34582,-19.29971,-19.36786,-19.31413,-19.30541
689.9,-19.33761,-19.28353,-19.38956,-19.31161,-19.28868
690,-19.32569,-19.28189,-19.36771,-19.30312,-19.26923
690.1,-19.33042,-19.26732,-19.35797,-19.2936,-19.21128
690.2,-19.33493,-19.27337,-19.34237,-19.32605,-19.30738
690.3,-19.32143,-19.27643,-19.3257,-19.31777,-19.32703
690.4,-19.30622,-19.27937,-19.32773,-19.30796,-19.32183
690.5,-19.2943,-19.27342,-19.33125,-19.32256,-19.29639
690.6,-19.29423,-19.29202,-19.3187,-19.32506,-19.30834
690.7,-19.30307,-19.27751,-19.29921,-19.28193,-19.32977
690.8,-19.30477,-19.26563,-19.27592,-19.2922,-19.33362
690.9,-19.29997,-19.26346,-19.27569,-19.30403,-19.30316
691,-19.29647,-19.2803,-19.2624,-19.31086,-19.29879
691.1,-19.28719,-19.29623,-19.27327,-19.31141,-19.30413
691.2,-19.28784,-19.31006,-19.25361,-19.3166,-19.28032
691.3,-19.30535,-19.28943,-19.25877,-19.2982,-19.25554
691.4,-19.32153,-19.2903,-19.24473,-19.29633,-19.25388
691.5,-19.34195,-19.28804,-19.23467,-19.29453,-19.24158
691.6,-19.35212,-19.29582,-19.23324,-19.29348,-19.22986
691.7,-19.32511,-19.29188,-19.24671,-19.30649,-19.24836
691.8,-19.33123,-19.30253,-19.23804,-19.29906,-19.2472
691.9,-19.33819,-19.28564,-19.27859,-19.31471,-19.24646
692,-19.34201,-19.32194,-19.27319,-19.32111,-19.27045
692.1,-19.33914,-19.32339,-19.26922,-19.32963,-19.2771
692.2,-19.34682,-19.3353,-19.26457,-19.31622,-19.28895
692.3,-19.37043,-19.32845,-19.30708,-19.33057,-19.26949
692.4,-19.36065,-19.32965,-19.29747,-19.32644,-19.26556
692.5,-19.3625,-19.33375,-19.28821,-19.33088,-19.26265
692.6,-19.37356,-19.32873,-19.27168,-19.32778,-19.26106
692.7,-19.38665,-19.31253,-19.28314,-19.33316,-19.26463
692.8,-19.37549,-19.29227,-19.27579,-19.32384,-19.26501
692.9,-19.36382,-19.28802,-19.27556,-19.33111,-19.25393
693,-19.36342,-19.28817,-19.28912,-19.328,-19.26076
693.1,-19.34705,-19.28627,-19.2793,-19.34,-19.2577
693.2,-19.34524,-19.29236,-19.27496,-19.35903,-19.24835
693.3,-19.34521,-19.2831,-19.2559,-19.33972,-19.25677
693.4,-19.35995,-19.30088,-19.25213,-19.35059,-19.24367
693.5,-19.36564,-19.29265,-19.27862,-19.35156,-19.21964
693.6,-19.34356,-19.26738,-19.29038,-19.34161,-19.21043
693.7,-19.35586,-19.27417,-19.28972,-19.35129,-19.18603
693.8,-19.37091,-19.27141,-19.28952,-19.34247,-19.185
693.9,-19.37329,-19.27455,-19.27765,-19.35708,-19.18067
694,-19.3649,-19.28628,-19.28673,-19.36498,-19.18753
694.1,-19.37562,-19.30382,-19.29782,-19.36983,-19.19096
694.2,-19.37282,-19.33918,-19.32536,-19.36127,-19.1758
694.3,-19.39225,-19.33488,-19.32673,-19.36584,-19.16434
694.4,-19.3993,-19.34169,-19.34015,-19.33955,-19.17011
694.5,-19.40306,-19.3806,-19.34658,-19.3556,-19.17311
694.6,-19.39803,-19.39217,-19.34993,-19.36503,-19.19502
694.7,-19.39469,-19.41786,-19.34768,-19.36496,-19.20382
694.8,-19.38427,-19.4188,-19.32604,-19.34859,-19.19086
694.9,-19.3937,-19.42437,-19.3113,-19.35532,-19.20137
695,-19.40427,-19.39991,-19.29196,-19.35243,-19.17509
695.1,-19.42957,-19.39609,-19.28869,-19.35575,-19.18077
695.2,-19.44317,-19.40177,-19.2656,-19.35033,-19.18903
695.3,-19.42227,-19.41195,-19.26317,-19.37413,-19.17554
695.4,-19.42358,-19.4156,-19.26288,-19.35894,-19.1674
695.5,-19.42043,-19.39348,-19.26907,-19.35831,-19.17373
695.6,-19.42787,-19.3777,-19.24022,-19.3524,-19.15201
695.7,-19.39998,-19.39079,-19.23257,-19.38088,-19.13937
695.8,-19.37548,-19.40918,-19.25587,-19.38612,-19.13426
695.9,-19.36878,-19.4305,-19.26056,-19.37287,-19.13185
696,-19.36987,-19.43113,-19.23814,-19.36304,-19.15278
696.1,-19.38161,-19.45063,-19.25838,-19.36715,-19.17109
696.2,-19.38812,-19.43747,-19.26413,-19.36085,-19.1956
696.3,-19.39223,-19.44926,-19.26237,-19.35223,-19.18311
696.4,-19.40182,-19.45649,-19.26054,-19.35007,-19.20104
696.5,-19.38998,-19.46452,-19.26911,-19.34035,-19.17695
696.6,-19.37218,-19.43304,-19.28405,-19.35347,-19.16733
696.7,-19.36937,-19.43114,-19.27494,-19.39401,-19.19596
696.8,-19.3795,-19.43676,-19.25742,-19.38367,-19.18762
696.9,-19.37401,-19.44912,-19.26382,-19.38459,-19.1872
697,-19.38862,-19.43643,-19.26007,-19.38563,-19.15861
697.1,-19.41006,-19.42572,-19.26469,-19.36973,-19.16241
697.2,-19.3963,-19.44607,-19.25722,-19.38281,-19.15933
697.3,-19.39477,-19.44872,-19.27888,-19.3815,-19.17341
697.4,-19.36598,-19.46917,-19.31152,-19.37136,-19.19583
697.5,-19.37205,-19.46158,-19.31943,-19.39107,-19.18743
697.6,-19.39671,-19.45322,-19.32082,-19.36345,-19.17227
697.7,-19.3916,-19.44805,-19.31111,-19.34169,-19.16476
697.8,-19.40523,-19.45504,-19.32265,-19.36925,-19.16815
697.9,-19.38718,-19.45298,-19.32899,-19.37374,-19.15046
698,-19.3976,-19.47509,-19.3292,-19.3826,-19.15091
698.1,-19.38688,-19.46255,-19.31265,-19.42251,-19.15386
698.2,-19.39666,-19.45895,-19.3086,-19.42444,-19.16398
698.3,-19.39516,-19.4443,-19.30903,-19.41709,-19.15496
698.4,-19.38849,-19.4495,-19.29268,-19.43318,-19.17661
698.5,-19.38982,-19.44923,-19.29969,-19.44549,-19.17468
698.6,-19.39302,-19.46591,-19.28336,-19.41544,-19.17646
698.7,-19.41013,-19.43718,-19.26694,-19.42141,-19.16748
698.8,-19.43223,-19.44478,-19.27219,-19.43134,-19.17928
698.9,-19.42182,-19.43141,-19.27856,-19.42984,-19.17128
699,-19.41639,-19.42761,-19.28817,-19.42948,-19.19529
699.1,-19.41241,-19.44704,-19.29782,-19.41464,-19.19456
699.2,-19.40832,-19.43654,-19.3251,-19.39755,-19.20708
699.3,-19.40784,-19.45691,-19.33311,-19.3993,-19.19112
699.4,-19.40189,-19.46103,-19.32131,-19.41905,-19.18704
699.5,-19.40423,-19.45064,-19.30086,-19.43244,-19.21326
699.6,-19.40116,-19.44361,-19.29436,-19.42811,-19.20185
699.7,-19.3904,-19.43502,-19.3004,-19.41947,-19.20865
699.8,-19.40104,-19.4399,-19.29039,-19.42988,-19.21949
699.9,-19.38622,-19.45345,-19.29073,-19.45124,-19.23329
700,-19.3941,-19.46634,-19.27395,-19.44903,-19.23571
700.1,-19.37187,-19.47572,-19.27595,-19.45474,-19.21733
700.2,-19.37892,-19.49167,-19.26456,-19.45706,-19.219
700.3,-19.37624,-19.5031,-19.2595,-19.44754,-19.22072
700.4,-19.37046,-19.51204,-19.28165,-19.43961,-19.22361
700.5,-19.34968,-19.48748,-19.27385,-19.43514,-19.22999
700.6,-19.34429,-19.48289,-19.25131,-19.43746,-19.22111
700.7,-19.34776,-19.47746,-19.24023,-19.42998,-19.22209
700.8,-19.35861,-19.47816,-19.25256,-19.44229,-19.22817
700.9,-19.35141,-19.48304,-19.26774,-19.43806,-19.21831
701,-19.33984,-19.47493,-19.26902,-19.42501,-19.23771
701.1,-19.36549,-19.49828,-19.26699,-19.44521,-19.24915
701.2,-19.34879,-19.49179,-19.28353,-19.43478,-19.25017
701.3,-19.3626,-19.47275,-19.2749,-19.41256,-19.25143
701.4,-19.38109,-19.47908,-19.28472,-19.42486,-19.24324
701.5,-19.37513,-19.50674,-19.30731,-19.43188,-19.22158
701.6,-19.37984,-19.49323,-19.30231,-19.4087,-19.23294
701.7,-19.36077,-19.48782,-19.30202,-19.40265,-19.25428
701.8,-19.34994,-19.48471,-19.29248,-19.39993,-19.27282
701.9,-19.3355,-19.49209,-19.28349,-19.39611,-19.26261
702,-19.35101,-19.49553,-19.29382,-19.40394,-19.2303
702.1,-19.37473,-19.49555,-19.28624,-19.39519,-19.21662
702.2,-19.35706,-19.50618,-19.30701,-19.38236,-19.20533
702.3,-19.37971,-19.50056,-19.30331,-19.35922,-19.21408
702.4,-19.37401,-19.50747,-19.29777,-19.34357,-19.21151
702.5,-19.37888,-19.51671,-19.31265,-19.33013,-19.20752
702.6,-19.35953,-19.51298,-19.31732,-19.34589,-19.20377
702.7,-19.36595,-19.50049,-19.33559,-19.35296,-19.21217
702.8,-19.38052,-19.50367,-19.33759,-19.36241,-19.23408
702.9,-19.39323,-19.49458,-19.35,-19.36596,-19.21443
703,-19.38271,-19.49484,-19.33424,-19.3609,-19.22947
703.1,-19.37179,-19.49738,-19.3155,-19.35292,-19.21533
703.2,-19.37244,-19.52425,-19.31816,-19.36823,-19.21568
703.3,-19.35525,-19.50392,-19.31761,-19.37036,-19.2123
703.4,-19.35178,-19.48752,-19.32341,-19.36662,-19.1977
703.5,-19.33716,-19.50191,-19.31439,-19.36298,-19.19344
703.6,-19.36618,-19.50812,-19.29606,-19.38722,-19.21753
703.7,-19.37348,-19.49314,-19.3111,-19.36207,-19.2193
703.8,-19.3544,-19.47328,-19.34134,-19.36355,-19.23108
703.9,-19.37667,-19.45737,-19.32874,-19.36283,-19.23054
704,-19.37313,-19.4627,-19.30378,-19.35014,-19.22986
704.1,-19.39044,-19.46732,-19.31361,-19.35617,-19.24147
704.2,-19.38427,-19.45893,-19.291,-19.34163,-19.26133
704.3,-19.35723,-19.46147,-19.31201,-19.35756,-19.24683
704.4,-19.33191,-19.48016,-19.31532,-19.36105,-19.24754
704.5,-19.32307,-19.49314,-19.31756,-19.35554,-19.23787
704.6,-19.31257,-19.48201,-19.32273,-19.35201,-19.24373
704.7,-19.31633,-19.47843,-19.33379,-19.35846,-19.26757
704.8,-19.3023,-19.48605,-19.35179,-19.36104,-19.2679
704.9,-19.32195,-19.4765,-19.34896,-19.36446,-19.26307
705,-19.3327,-19.47937,-19.3449,-19.35547,-19.27622
705.1,-19.34145,-19.47153,-19.32487,-19.33454,-19.27633
705.2,-19.34877,-19.44428,-19.30079,-19.33235,-19.30914
705.3,-19.36256,-19.48488,-19.29339,-19.33841,-19.30376
705.4,-19.38416,-19.50841,-19.28661,-19.35949,-19.28951
705.5,-19.40243,-19.51741,-19.28927,-19.35816,-19.27959
705.6,-19.36392,-19.51575,-19.2885,-19.3213,-19.28223
705.7,-19.34704,-19.50489,-19.30532,-19.32457,-19.26927
705.8,-19.34993,-19.47944,-19.31168,-19.34499,-19.24863
705.9,-19.35613,-19.48262,-19.31153,-19.35083,-19.23612
706,-19.36487,-19.43137,-19.3091,-19.34338,-19.23618
706.1,-19.39429,-19.4251,-19.31072,-19.33963,-19.21842
706.2,-19.391,-19.42408,-19.30032,-19.35988,-19.20151
706.3,-19.38438,-19.43143,-19.30586,-19.35293,-19.22337
706.4,-19.36956,-19.42643,-19.30157,-19.36659,-19.23952
706.5,-19.3682,-19.42122,-19.2919,-19.37568,-19.21732
706.6,-19.36754,-19.4191,-19.30654,-19.37527,-19.23946
706.7,-19.34984,-19.42173,-19.31541,-19.38226,-19.21654
706.8,-19.34711,-19.41173,-19.30979,-19.37356,-19.22224
706.9,-19.35955,-19.41971,-19.30026,-19.37986,-19.21185
707,-19.36385,-19.42102,-19.30709,-19.3901,-19.19926
707.1,-19.36388,-19.45302,-19.3155,-19.36663,-19.19515
707.2,-19.36861,-19.45237,-19.32199,-19.36603,-19.19217
707.3,-19.36372,-19.46374,-19.32136,-19.37126,-19.19465
707.4,-19.37041,-19.44188,-19.32118,-19.3749,-19.17187
707.5,-19.39189,-19.45976,-19.31395,-19.36056,-19.17747
707.6,-19.39535,-19.48196,-19.3072,-19.37804,-19.18705
707.7,-19.38177,-19.46293,-19.32002,-19.38807,-19.1874
707.8,-19.38991,-19.45563,-19.32554,-19.39418,-19.20884
707.9,-19.38613,-19.44923,-19.30177,-19.39612,-19.19833
708,-19.41705,-19.46174,-19.29737,-19.39956,-19.19071
708.1,-19.41646,-19.47463,-19.28302,-19.38201,-19.19382
708.2,-19.40571,-19.48429,-19.27912,-19.39921,-19.18019
708.3,-19.40087,-19.47869,-19.27707,-19.38719,-19.18992
708.4,-19.40994,-19.4697,-19.27831,-19.35708,-19.17833
708.5,-19.40161,-19.49421,-19.28134,-19.34774,-19.17882
708.6,-19.43709,-19.49325,-19.27374,-19.33847,-19.17606
708.7,-19.43198,-19.49797,-19.26213,-19.35162,-19.16516
708.8,-19.4316,-19.48914,-19.26405,-19.35279,-19.15915
708.9,-19.43866,-19.48961,-19.27152,-19.33028,-19.1464
709,-19.43953,-19.48466,-19.25806,-19.33148,-19.16318
709.1,-19.43232,-19.48044,-19.26238,-19.34485,-19.17551
709.2,-19.41946,-19.47412,-19.25368,-19.33679,-19.17989
709.3,-19.41941,-19.47411,-19.23459,-19.35707,-19.18816
709.4,-19.41264,-19.47051,-19.24623,-19.37958,-19.15535
709.5,-19.39927,-19.47261,-19.23511,-19.40931,-19.16175
709.6,-19.4007,-19.45018,-19.23581,-19.39171,-19.16962
709.7,-19.38696,-19.43231,-19.21368,-19.41198,-19.17535
709.8,-19.39631,-19.41466,-19.21667,-19.41524,-19.18435
709.9,-19.38696,-19.42985,-19.21516,-19.39621,-19.19185
710,-19.38062,-19.42317,-19.22269,-19.39017,-19.18221
710.1,-19.37478,-19.44607,-19.2091,-19.38927,-19.16796
710.2,-19.36613,-19.45271,-19.1954,-19.37719,-19.14477
710.3,-19.36793,-19.43741,-19.18461,-19.37103,-19.14477
710.4,-19.3672,-19.42615,-19.16116,-19.37314,-19.16184
710.5,-19.38397,-19.41442,-19.15919,-19.39061,-19.15673
710.6,-19.385,-19.39347,-19.15727,-19.38338,-19.17286
710.7,-19.36929,-19.39473,-19.1619,-19.37191,-19.21698
710.8,-19.34386,-19.4009,-19.15724,-19.36586,-19.21514
710.9,-19.36064,-19.43096,-19.16525,-19.35984,-19.1992
711,-19.36073,-19.44931,-19.16635,-19.36097,-19.19798
711.1,-19.34398,-19.46531,-19.15693,-19.34272,-19.19508
711.2,-19.34446,-19.45459,-19.16486,-19.32357,-19.18626
711.3,-19.35723,-19.45544,-19.1524,-19.33634,-19.20399
711.4,-19.35702,-19.46585,-19.14771,-19.34059,-19.19456
711.5,-19.36534,-19.46928,-19.15529,-19.32623,-19.20399
711.6,-19.38917,-19.46231,-19.13941,-19.31015,-19.18344
711.7,-19.37674,-19.46985,-19.13874,-19.32113,-19.19348
711.8,-19.3776,-19.47531,-19.13641,-19.32236,-19.20508
711.9,-19.37714,-19.4808,-19.13683,-19.3298,-19.21554
712,-19.38207,-19.47651,-19.14411,-19.31487,-19.22542
712.1,-19.39068,-19.49602,-19.15405,-19.31488,-19.22769
712.2,-19.38025,-19.48716,-19.16461,-19.33419,-19.23396
712.3,-19.39049,-19.46879,-19.16466,-19.33863,-19.23279
712.4,-19.39134,-19.44529,-19.17286,-19.35664,-19.21965
712.5,-19.35248,-19.42478,-19.1638,-19.33677,-19.23294
712.6,-19.31808,-19.43712,-19.18596,-19.31572,-19.24168
712.7,-19.2851,-19.41755,-19.19014,-19.32884,-19.24771
712.8,-19.28115,-19.43395,-19.18157,-19.31673,-19.27212
712.9,-19.3073,-19.44162,-19.17397,-19.30821,-19.2775
713,-19.3225,-19.42571,-19.1693,-19.3039,-19.28741
713.1,-19.32207,-19.42659,-19.16591,-19.30248,-19.29852
713.2,-19.32755,-19.4214,-19.15953,-19.30336,-19.30505
713.3,-19.32012,-19.41432,-19.14895,-19.28645,-19.30775
713.4,-19.29943,-19.42721,-19.1498,-19.26832,-19.30719
713.5,-19.28463,-19.42883,-19.15508,-19.26106,-19.29104
713.6,-19.27853,-19.44127,-19.1722,-19.26928,-19.28767
713.7,-19.29203,-19.43108,-19.18818,-19.27218,-19.28389
713.8,-19.30803,-19.42766,-19.17368,-19.28432,-19.26562
713.9,-19.29799,-19.42358,-19.16485,-19.30241,-19.26662
714,-19.298,-19.43493,-19.1561,-19.30552,-19.26407
714.1,-19.29628,-19.4152,-19.16918,-19.3155,-19.2751
714.2,-19.31409,-19.40621,-19.14504,-19.32112,-19.28863
714.3,-19.30731,-19.40863,-19.1475,-19.30791,-19.2914
714.4,-19.31771,-19.39054,-19.14369,-19.29748,-19.27891
714.5,-19.30247,-19.38035,-19.14447,-19.28719,-19.28877
714.6,-19.29003,-19.39184,-19.13913,-19.29925,-19.26488
714.7,-19.29603,-19.36629,-19.13839,-19.29198,-19.26139
714.8,-19.26118,-19.37307,-19.1314,-19.29171,-19.24731
714.9,-19.25363,-19.37671,-19.1361,-19.30292,-19.23343
715,-19.25817,-19.38948,-19.12081,-19.33065,-19.24298
715.1,-19.29004,-19.3631,-19.13643,-19.33829,-19.22311
715.2,-19.30295,-19.344,-19.13445,-19.35819,-19.22416
715.3,-19.2956,-19.33745,-19.13016,-19.36431,-19.24009
715.4,-19.28451,-19.36065,-19.10905,-19.35865,-19.21954
715.5,-19.28339,-19.35402,-19.10022,-19.37464,-19.2265
715.6,-19.2732,-19.35127,-19.10487,-19.37109,-19.22422
715.7,-19.2715,-19.33934,-19.11274,-19.36791,-19.24658
715.8,-19.27836,-19.32324,-19.09464,-19.35984,-19.24772
715.9,-19.28503,-19.3226,-19.06269,-19.35415,-19.26144
716,-19.27835,-19.32881,-19.07414,-19.35732,-19.25728
716.1,-19.2726,-19.32306,-19.07311,-19.36448,-19.2568
716.2,-19.28373,-19.33573,-19.08516,-19.32972,-19.25731
716.3,-19.27995,-19.3431,-19.07492,-19.34611,-19.2605
716.4,-19.27023,-19.37454,-19.07967,-19.33288,-19.28986
716.5,-19.27811,-19.38077,-19.06729,-19.3346,-19.28265
716.6,-19.28796,-19.38655,-19.06943,-19.31975,-19.28884
716.7,-19.29039,-19.38885,-19.08445,-19.32401,-19.29865
716.8,-19.29153,-19.37483,-19.09732,-19.30816,-19.29525
716.9,-19.29847,-19.38054,-19.10389,-19.28391,-19.29693
717,-19.28739,-19.3898,-19.11294,-19.29862,-19.29144
717.1,-19.30829,-19.39704,-19.10636,-19.31183,-19.30375
717.2,-19.32051,-19.41969,-19.10997,-19.30976,-19.28439
717.3,-19.30802,-19.41866,-19.13249,-19.311,-19.29821
717.4,-19.31792,-19.41738,-19.14883,-19.3031,-19.29238
717.5,-19.3079,-19.42246,-19.13573,-19.32018,-19.3374
717.6,-19.30502,-19.42713,-19.14447,-19.31245,-19.33151
717.7,-19.30401,-19.41027,-19.13014,-19.30515,-19.31669
717.8,-19.3244,-19.41557,-19.126,-19.30157,-19.31643
717.9,-19.32296,-19.38995,-19.13023,-19.28887,-19.33477
718,-19.31653,-19.38855,-19.12031,-19.32174,-19.33111
718.1,-19.30459,-19.42035,-19.13062,-19.33859,-19.33352
718.2,-19.31299,-19.4321,-19.15447,-19.35754,-19.31333
718.3,-19.32074,-19.42194,-19.14413,-19.36347,-19.30362
718.4,-19.3311,-19.41326,-19.14909,-19.36096,-19.31732
718.5,-19.30756,-19.41149,-19.15954,-19.33967,-19.31485
718.6,-19.30911,-19.38742,-19.15892,-19.34067,-19.33071
718.7,-19.31438,-19.38346,-19.17359,-19.36131,-19.33308
718.8,-19.32005,-19.39486,-19.1931,-19.36533,-19.33259
718.9,-19.32384,-19.38756,-19.20942,-19.36909,-19.32437
719,-19.31112,-19.39957,-19.20136,-19.38086,-19.32591
719.1,-19.33789,-19.38744,-19.20457,-19.38913,-19.30571
719.2,-19.35252,-19.40216,-19.19537,-19.39096,-19.31685
719.3,-19.33817,-19.38913,-19.19351,-19.39503,-19.31557
719.4,-19.35596,-19.37848,-19.17826,-19.36868,-19.31242
719.5,-19.37082,-19.39291,-19.31166,-19.3511,-19.3047
719.6,-19.36526,-19.38319,-19.32987,-19.33034,-19.30672
719.7,-19.37183,-19.37422,-19.32577,-19.32211,-19.29921
719.8,-19.3677,-19.38757,-19.32334,-19.31323,-19.30858
719.9,-19.37144,-19.38384,-19.3224,-19.29718,-19.29361
720,-19.37019,-19.37197,-19.33252,-19.28527,-19.29579
720.1,-19.36145,-19.38063,-19.35312,-19.26925,-19.27348
720.2,-19.3846,-19.37174,-19.35311,-19.26555,-19.27246
720.3,-19.37537,-19.38001,-19.36399,-19.30297,-19.27331
720.4,-19.37855,-19.36948,-19.35165,-19.30668,-19.2636
720.5,-19.35874,-19.37342,-19.35507,-19.30926,-19.25431
720.6,-19.3605,-19.37368,-19.35805,-19.30258,-19.26281
720.7,-19.36989,-19.34503,-19.34503,-19.30379,-19.25556
720.8,-19.37983,-19.34031,-19.34245,-19.2885,-19.26181
720.9,-19.37058,-19.34995,-19.31242,-19.30058,-19.27315
721,-19.36566,-19.34918,-19.32166,-19.29404,-19.28045
721.1,-19.38152,-19.34599,-19.30912,-19.31901,-19.27278
721.2,-19.38015,-19.35328,-19.30875,-19.32196,-19.28727
721.3,-19.36659,-19.34655,-19.32379,-19.30545,-19.28827
721.4,-19.36682,-19.33692,-19.32943,-19.30805,-19.28703
721.5,-19.36019,-19.34534,-19.32455,-19.29906,-19.2805
721.6,-19.38696,-19.33063,-19.30507,-19.30453,-19.27714
721.7,-19.38335,-19.33809,-19.28899,-19.31665,-19.28696
721.8,-19.39136,-19.32673,-19.28706,-19.28804,-19.2964
721.9,-19.40643,-19.35201,-19.28453,-19.29586,-19.31553
722,-19.37967,-19.35451,-19.30447,-19.30182,-19.30955
722.1,-19.3892,-19.37223,-19.30687,-19.29831,-19.31183
722.2,-19.39008,-19.39507,-19.28964,-19.28482,-19.30072
722.3,-19.38853,-19.37471,-19.29622,-19.30907,-19.3338
722.4,-19.41435,-19.3616,-19.27792,-19.31588,-19.34632
722.5,-19.39425,-19.36962,-19.27851,-19.32127,-19.33322
722.6,-19.40972,-19.37691,-19.26891,-19.32946,-19.33426
722.7,-19.42335,-19.39076,-19.26489,-19.32828,-19.35346
722.8,-19.42991,-19.39052,-19.28394,-19.33787,-19.33311
722.9,-19.42416,-19.37919,-19.28188,-19.32793,-19.33355
723,-19.42618,-19.38232,-19.27927,-19.32788,-19.33345
723.1,-19.41473,-19.38729,-19.26409,-19.31864,-19.35094
723.2,-19.40331,-19.38199,-19.2443,-19.33704,-19.36432
723.3,-19.41388,-19.39343,-19.25602,-19.34657,-19.37473
723.4,-19.42816,-19.39989,-19.25229,-19.33405,-19.40534
723.5,-19.41424,-19.41709,-19.25396,-19.32523,-19.41467
723.6,-19.41446,-19.42723,-19.24747,-19.33041,-19.43573
723.7,-19.43374,-19.41324,-19.24623,-19.34606,-19.42161
723.8,-19.42328,-19.42688,-19.22639,-19.36683,-19.42024
723.9,-19.43144,-19.44325,-19.23414,-19.32875,-19.45247
724,-19.43603,-19.45266,-19.24279,-19.29841,-19.46876
724.1,-19.42456,-19.45589,-19.2242,-19.29216,-19.48102
724.2,-19.46167,-19.42224,-19.21623,-19.26696,-19.47058
724.3,-19.43929,-19.40389,-19.22255,-19.25916,-19.45942
724.4,-19.44858,-19.39529,-19.23705,-19.25428,-19.42674
724.5,-19.4221,-19.37133,-19.23488,-19.25699,-19.42312
724.6,-19.41846,-19.38023,-19.23872,-19.23985,-19.41852
724.7,-19.41502,-19.38009,-19.22257,-19.23965,-19.41228
724.8,-19.43181,-19.37157,-19.22236,-19.24066,-19.4171
724.9,-19.43545,-19.37781,-19.2108,-19.2155,-19.42249
725,-19.43756,-19.39016,-19.19317,-19.20689,-19.43494
725.1,-19.43552,-19.38874,-19.18634,-19.20832,-19.44444
725.2,-19.44347,-19.39517,-19.20421,-19.21136,-19.44076
725.3,-19.46425,-19.38162,-19.19905,-19.21549,-19.42922
725.4,-19.46725,-19.38186,-19.21526,-19.22968,-19.4143
725.5,-19.461,-19.38865,-19.20409,-19.24497,-19.4233
725.6,-19.46247,-19.37935,-19.19792,-19.21691,-19.4228
725.7,-19.45299,-19.36578,-19.20419,-19.25473,-19.40184
725.8,-19.45971,-19.38529,-19.18992,-19.25446,-19.4113
725.9,-19.4644,-19.37663,-19.19221,-19.24964,-19.39875
726,-19.46492,-19.35699,-19.18692,-19.24979,-19.41433
726.1,-19.47447,-19.35491,-19.18013,-19.23269,-19.42557
726.2,-19.46759,-19.33668,-19.19593,-19.23162,-19.41918
726.3,-19.4549,-19.35404,-19.18072,-19.23522,-19.44623
726.4,-19.44718,-19.35099,-19.15578,-19.22788,-19.42433
726.5,-19.45186,-19.34716,-19.1651,-19.24533,-19.43167
726.6,-19.46466,-19.34348,-19.15061,-19.23271,-19.42959
726.7,-19.4598,-19.35841,-19.14062,-19.24456,-19.44518
726.8,-19.43876,-19.36927,-19.1463,-19.24638,-19.44689
726.9,-19.43369,-19.37895,-19.15368,-19.25045,-19.47031
727,-19.43224,-19.38743,-19.16383,-19.2434,-19.48414
727.1,-19.41528,-19.39644,-19.18158,-19.25813,-19.48859
727.2,-19.41328,-19.392,-19.20771,-19.23351,-19.49796
727.3,-19.40898,-19.39925,-19.21535,-19.22825,-19.48865
727.4,-19.40962,-19.40702,-19.22544,-19.21952,-19.46299
727.5,-19.39537,-19.39951,-19.24267,-19.23461,-19.45409
727.6,-19.40569,-19.38416,-19.21386,-19.25047,-19.45741
727.7,-19.39448,-19.37803,-19.22494,-19.25683,-19.43026
727.8,-19.37873,-19.39064,-19.21675,-19.26667,-19.44469
727.9,-19.40725,-19.37432,-19.21504,-19.25082,-19.42875
728,-19.39253,-19.35512,-19.24353,-19.24583,-19.41669
728.1,-19.37893,-19.36362,-19.25927,-19.25355,-19.40423
728.2,-19.40759,-19.38362,-19.24039,-19.25939,-19.39717
728.3,-19.41166,-19.40136,-19.24735,-19.26543,-19.39428
728.4,-19.3975,-19.40435,-19.24177,-19.26216,-19.41413
728.5,-19.4008,-19.41155,-19.22645,-19.27483,-19.40586
728.6,-19.41684,-19.40222,-19.22112,-19.2659,-19.42024
728.7,-19.41941,-19.39821,-19.21112,-19.27793,-19.39881
728.8,-19.43054,-19.4158,-19.19997,-19.27105,-19.39365
728.9,-19.43622,-19.39664,-19.19772,-19.26925,-19.41297
729,-19.44412,-19.41129,-19.20317,-19.26931,-19.4309
729.1,-19.41546,-19.38686,-19.20844,-19.27979,-19.42887
729.2,-19.39417,-19.38302,-19.18649,-19.25751,-19.43085
729.3,-19.39488,-19.36704,-19.1833,-19.24692,-19.42276
729.4,-19.39074,-19.36424,-19.2026,-19.25654,-19.42551
729.5,-19.37683,-19.34661,-19.21077,-19.26249,-19.42466
729.6,-19.38411,-19.31762,-19.19177,-19.26162,-19.41322
729.7,-19.40439,-19.31703,-19.2147,-19.26101,-19.41078
729.8,-19.37853,-19.32295,-19.21264,-19.25436,-19.4346
729.9,-19.39223,-19.30671,-19.23231,-19.26337,-19.42612
730,-19.40783,-19.29365,-19.22453,-19.27612,-19.42475
730.1,-19.40832,-19.32089,-19.22918,-19.28023,-19.40822
730.2,-19.4261,-19.32055,-19.20844,-19.28045,-19.40173
730.3,-19.43576,-19.31372,-19.21295,-19.27037,-19.39667
730.4,-19.41645,-19.32563,-19.2133,-19.26474,-19.39486
730.5,-19.3958,-19.30777,-19.20384,-19.26282,-19.39245
730.6,-19.36898,-19.31744,-19.22859,-19.26813,-19.40618
730.7,-19.36103,-19.29766,-19.24378,-19.26372,-19.40625
730.8,-19.38283,-19.30885,-19.26546,-19.28178,-19.39956
730.9,-19.39843,-19.30867,-19.27381,-19.27932,-19.3904
731,-19.40845,-19.31535,-19.26446,-19.29056,-19.38265
731.1,-19.42119,-19.30651,-19.25159,-19.30203,-19.37799
731.2,-19.42811,-19.31506,-19.25039,-19.29998,-19.36264
731.3,-19.43966,-19.30284,-19.2721,-19.30447,-19.35696
731.4,-19.44647,-19.32489,-19.27426,-19.2997,-19.35289
731.5,-19.46214,-19.31574,-19.28215,-19.28397,-19.35547
731.6,-19.47465,-19.33752,-19.26776,-19.2959,-19.35449
731.7,-19.47631,-19.31516,-19.26772,-19.2687,-19.34345
731.8,-19.46472,-19.29773,-19.28271,-19.2537,-19.35211
731.9,-19.46446,-19.28122,-19.31307,-19.25739,-19.3506
732,-19.43552,-19.29456,-19.31707,-19.28131,-19.37916
732.1,-19.44205,-19.26985,-19.31306,-19.2875,-19.41056
732.2,-19.42991,-19.25225,-19.30898,-19.26562,-19.41249
732.3,-19.42635,-19.25528,-19.32015,-19.27115,-19.39814
732.4,-19.42915,-19.26273,-19.34833,-19.26395,-19.39708
732.5,-19.40881,-19.26117,-19.32746,-19.2852,-19.39067
732.6,-19.38728,-19.26937,-19.36184,-19.29767,-19.37128
732.7,-19.38511,-19.25286,-19.36827,-19.2728,-19.36235
732.8,-19.38584,-19.26235,-19.3559,-19.28454,-19.36857
732.9,-19.41005,-19.27932,-19.35329,-19.27849,-19.38647
733,-19.36293,-19.28185,-19.37921,-19.27971,-19.37686
733.1,-19.3504,-19.29545,-19.39319,-19.28311,-19.37247
733.2,-19.36135,-19.29813,-19.40874,-19.29607,-19.37166
733.3,-19.35775,-19.28923,-19.40963,-19.27588,-19.39395
733.4,-19.34084,-19.29716,-19.43321,-19.25756,-19.40125
733.5,-19.32956,-19.30996,-19.42891,-19.25784,-19.4153
733.6,-19.32991,-19.29767,-19.44055,-19.25741,-19.40311
733.7,-19.32774,-19.29366,-19.45482,-19.2576,-19.4175
733.8,-19.33154,-19.29179,-19.42562,-19.24655,-19.39238
733.9,-19.33219,-19.28684,-19.42383,-19.23876,-19.38565
734,-19.33625,-19.29299,-19.42637,-19.24893,-19.40771
734.1,-19.32979,-19.2899,-19.39323,-19.25842,-19.39721
734.2,-19.34498,-19.29595,-19.36869,-19.24495,-19.39296
734.3,-19.33962,-19.29019,-19.35328,-19.24475,-19.37808
734.4,-19.33775,-19.27308,-19.34408,-19.24625,-19.38047
734.5,-19.34202,-19.27058,-19.33881,-19.23269,-19.38154
734.6,-19.30126,-19.2626,-19.30522,-19.25647,-19.40123
734.7,-19.31004,-19.2724,-19.29124,-19.27457,-19.38755
734.8,-19.30914,-19.29824,-19.32812,-19.28133,-19.39063
734.9,-19.303,-19.30598,-19.34745,-19.27483,-19.4193
735,-19.31078,-19.32455,-19.3481,-19.26043,-19.41131
735.1,-19.3127,-19.33282,-19.34232,-19.258,-19.40155
735.2,-19.3232,-19.33649,-19.34998,-19.26141,-19.42036
735.3,-19.33736,-19.34565,-19.34187,-19.25286,-19.40238
735.4,-19.35336,-19.34558,-19.35387,-19.24949,-19.41512
735.5,-19.3578,-19.32664,-19.34012,-19.2416,-19.40686
735.6,-19.35579,-19.30632,-19.31886,-19.263,-19.38882
735.7,-19.34813,-19.31462,-19.33807,-19.27226,-19.3893
735.8,-19.33585,-19.31756,-19.32435,-19.25569,-19.3614
735.9,-19.33492,-19.2966,-19.32728,-19.27882,-19.36271
736,-19.33613,-19.31183,-19.34168,-19.26717,-19.33812
736.1,-19.37027,-19.29978,-19.34433,-19.24456,-19.35029
736.2,-19.34493,-19.31423,-19.35631,-19.2287,-19.33542
736.3,-19.34961,-19.31651,-19.37009,-19.23256,-19.36382
736.4,-19.31944,-19.30507,-19.36578,-19.24917,-19.36065
736.5,-19.31695,-19.28096,-19.36116,-19.24116,-19.33179
736.6,-19.33029,-19.28196,-19.35017,-19.25833,-19.29905
736.7,-19.32514,-19.29552,-19.36103,-19.25503,-19.28834
736.8,-19.33074,-19.27997,-19.36782,-19.26896,-19.29238
736.9,-19.32874,-19.2868,-19.37454,-19.27952,-19.28929
737,-19.34804,-19.26857,-19.38435,-19.27958,-19.31032
737.1,-19.32525,-19.28602,-19.3886,-19.28246,-19.34843
737.2,-19.2876,-19.29804,-19.39885,-19.30861,-19.32622
737.3,-19.3029,-19.30288,-19.39655,-19.28863,-19.32611
737.4,-19.30119,-19.29097,-19.40197,-19.28666,-19.30877
737.5,-19.28735,-19.29421,-19.39692,-19.26939,-19.30871
737.6,-19.28565,-19.28614,-19.4185,-19.27914,-19.30288
737.7,-19.28275,-19.26182,-19.40963,-19.25971,-19.28288
737.8,-19.27361,-19.25316,-19.42389,-19.27771,-19.28166
737.9,-19.27271,-19.25255,-19.45856,-19.26451,-19.26932
738,-19.29361,-19.25356,-19.46519,-19.26913,-19.2537
738.1,-19.27923,-19.23718,-19.46054,-19.27566,-19.26914
738.2,-19.2737,-19.25151,-19.46271,-19.2734,-19.29042
738.3,-19.28203,-19.27704,-19.43823,-19.24387,-19.28159
738.4,-19.2835,-19.2934,-19.42276,-19.2431,-19.26887
738.5,-19.28536,-19.28689,-19.41143,-19.23442,-19.27988
738.6,-19.30142,-19.28429,-19.38813,-19.23086,-19.28126
738.7,-19.29421,-19.27323,-19.3846,-19.20874,-19.28052
738.8,-19.30734,-19.26474,-19.3851,-19.20417,-19.28669
738.9,-19.30424,-19.25227,-19.3638,-19.2163,-19.28746
739,-19.31761,-19.25024,-19.35579,-19.21292,-19.29713
739.1,-19.31708,-19.24885,-19.3461,-19.20461,-19.30033
739.2,-19.31767,-19.22806,-19.34154,-19.20331,-19.3217
739.3,-19.29799,-19.2545,-19.35168,-19.22567,-19.32425
739.4,-19.2975,-19.28329,-19.34732,-19.23233,-19.30606
739.5,-19.29276,-19.28159,-19.36041,-19.2516,-19.30746
739.6,-19.2923,-19.28529,-19.3633,-19.25783,-19.31582
739.7,-19.296,-19.27283,-19.36579,-19.27601,-19.31892
739.8,-19.29486,-19.26155,-19.37345,-19.27968,-19.3275
739.9,-19.29471,-19.26574,-19.37995,-19.25881,-19.33546
740,-19.27985,-19.25579,-19.39436,-19.27435,-19.33725
740.1,-19.27333,-19.27072,-19.39985,-19.29302,-19.33402
740.2,-19.25374,-19.24873,-19.39218,-19.3075,-19.33303
740.3,-19.26273,-19.22071,-19.39722,-19.31209,-19.33468
740.4,-19.25096,-19.20566,-19.38295,-19.31651,-19.32505
740.5,-19.26451,-19.19946,-19.38625,-19.34059,-19.33743
740.6,-19.281,-19.20058,-19.36131,-19.34114,-19.34769
740.7,-19.30634,-19.20141,-19.38137,-19.35411,-19.36477
740.8,-19.2919,-19.20664,-19.37339,-19.37119,-19.36292
740.9,-19.30344,-19.20516,-19.37486,-19.35693,-19.35528
741,-19.3156,-19.18586,-19.35017,-19.35388,-19.35331
741.1,-19.3253,-19.19372,-19.32327,-19.34512,-19.38165
741.2,-19.32507,-19.18752,-19.36282,-19.37612,-19.36518
741.3,-19.34732,-19.21806,-19.34859,-19.37935,-19.3679
741.4,-19.32648,-19.22391,-19.36147,-19.41341,-19.37257
741.5,-19.33021,-19.22991,-19.35388,-19.40979,-19.35591
741.6,-19.30921,-19.22263,-19.34731,-19.4086,-19.32553
741.7,-19.33186,-19.22535,-19.3538,-19.39899,-19.30251
741.8,-19.33997,-19.24369,-19.32758,-19.41431,-19.32554
741.9,-19.35061,-19.24445,-19.33119,-19.40022,-19.31907
742,-19.34875,-19.23157,-19.32127,-19.38886,-19.31241
742.1,-19.35224,-19.25002,-19.33487,-19.35239,-19.32016
742.2,-19.36652,-19.24088,-19.34558,-19.34212,-19.30229
742.3,-19.38833,-19.27233,-19.33169,-19.33458,-19.29136
742.4,-19.40577,-19.26841,-19.33951,-19.34447,-19.28897
742.5,-19.41882,-19.28759,-19.35957,-19.33866,-19.29824
742.6,-19.41239,-19.29632,-19.36723,-19.32409,-19.31269
742.7,-19.42022,-19.29937,-19.3537,-19.31946,-19.33047
742.8,-19.41746,-19.29158,-19.34981,-19.32816,-19.31956
742.9,-19.42727,-19.28735,-19.34797,-19.31417,-19.32746
743,-19.40538,-19.29334,-19.37072,-19.31662,-19.30701
743.1,-19.40415,-19.30044,-19.36954,-19.31313,-19.3058
743.2,-19.38989,-19.29207,-19.37219,-19.30882,-19.30315
743.3,-19.37789,-19.31015,-19.38048,-19.29515,-19.32711
743.4,-19.37736,-19.31798,-19.39932,-19.28495,-19.33164
743.5,-19.39159,-19.32011,-19.38301,-19.28884,-19.33244
743.6,-19.3791,-19.28405,-19.37746,-19.29888,-19.35163
743.7,-19.37646,-19.32605,-19.38594,-19.30368,-19.34732
743.8,-19.36986,-19.31953,-19.36456,-19.30663,-19.3348
743.9,-19.38368,-19.33069,-19.36871,-19.34826,-19.34451
744,-19.36973,-19.33241,-19.3685,-19.37866,-19.32301
744.1,-19.36381,-19.34349,-19.37284,-19.38723,-19.31126
744.2,-19.35971,-19.33219,-19.37607,-19.38931,-19.30067
744.3,-19.3664,-19.33689,-19.3702,-19.38589,-19.3139
744.4,-19.37903,-19.35483,-19.3686,-19.37376,-19.30881
744.5,-19.38894,-19.34642,-19.38653,-19.39135,-19.30453
744.6,-19.40412,-19.34567,-19.3814,-19.39554,-19.29273
744.7,-19.39628,-19.34853,-19.37731,-19.40749,-19.30644
744.8,-19.40613,-19.34002,-19.38183,-19.4167,-19.31466
744.9,-19.41499,-19.32673,-19.3978,-19.42397,-19.30087
745,-19.39508,-19.3116,-19.37762,-19.42773,-19.29857
745.1,-19.40241,-19.31499,-19.35783,-19.44741,-19.28854
745.2,-19.37263,-19.33402,-19.36098,-19.42913,-19.27231
745.3,-19.36781,-19.32614,-19.35399,-19.42188,-19.26671
745.4,-19.35909,-19.33435,-19.34748,-19.41359,-19.26409
745.5,-19.34138,-19.32356,-19.34004,-19.4174,-19.24422
745.6,-19.34606,-19.33517,-19.35618,-19.42092,-19.25062
745.7,-19.35161,-19.34124,-19.38202,-19.41073,-19.22222
745.8,-19.33027,-19.32735,-19.38433,-19.41942,-19.21496
745.9,-19.34382,-19.3605,-19.39,-19.42383,-19.21722
746,-19.35853,-19.34631,-19.38314,-19.4294,-19.24346
746.1,-19.36329,-19.34313,-19.3902,-19.45013,-19.21906
746.2,-19.35237,-19.34027,-19.38213,-19.42835,-19.23166
746.3,-19.36022,-19.33047,-19.35832,-19.41705,-19.26951
746.4,-19.35935,-19.33391,-19.34935,-19.40502,-19.26632
746.5,-19.38886,-19.31967,-19.32781,-19.40609,-19.26323
746.6,-19.38355,-19.30797,-19.34837,-19.4034,-19.23789
746.7,-19.38904,-19.2871,-19.3457,-19.40352,-19.23722
746.8,-19.41074,-19.28897,-19.35327,-19.40493,-19.26241
746.9,-19.40682,-19.27793,-19.3447,-19.41462,-19.25441
747,-19.41086,-19.25205,-19.37888,-19.40435,-19.25437
747.1,-19.39349,-19.28616,-19.41277,-19.42513,-19.25179
747.2,-19.37531,-19.30743,-19.40764,-19.44858,-19.24972
747.3,-19.3731,-19.31273,-19.40089,-19.43714,-19.25397
747.4,-19.34453,-19.3228,-19.41963,-19.43198,-19.25933
747.5,-19.319,-19.33357,-19.4378,-19.41929,-19.2387
747.6,-19.32137,-19.32853,-19.41928,-19.4322,-19.25016
747.7,-19.29029,-19.34366,-19.4048,-19.41877,-19.25528
747.8,-19.27876,-19.33419,-19.39348,-19.41323,-19.25813
747.9,-19.26473,-19.32402,-19.38263,-19.42637,-19.2431
748,-19.35987,-19.3194,-19.37756,-19.43071,-19.25444
748.1,-19.34284,-19.31458,-19.3804,-19.42438,-19.26387
748.2,-19.32848,-19.30761,-19.35643,-19.42918,-19.26147
748.3,-19.35416,-19.31769,-19.35874,-19.44377,-19.25219
748.4,-19.35345,-19.31171,-19.36691,-19.4726,-19.24844
748.5,-19.33158,-19.31879,-19.36767,-19.47437,-19.24883
748.6,-19.31383,-19.31572,-19.36568,-19.46706,-19.25154
748.7,-19.34618,-19.32985,-19.38107,-19.46123,-19.24584
748.8,-19.34351,-19.34429,-19.37078,-19.46319,-19.23154
748.9,-19.35338,-19.34271,-19.35428,-19.47547,-19.27228
749,-19.34773,-19.34034,-19.3657,-19.50343,-19.27793
749.1,-19.33642,-19.32363,-19.36248,-19.50872,-19.26273
749.2,-19.32085,-19.32701,-19.33492,-19.53398,-19.24794
749.3,-19.33628,-19.3473,-19.31424,-19.50855,-19.25095
749.4,-19.34192,-19.36356,-19.3231,-19.48482,-19.22857
749.5,-19.35522,-19.37835,-19.33691,-19.47054,-19.21752
749.6,-19.34428,-19.38896,-19.32175,-19.48978,-19.2265
749.7,-19.33766,-19.3761,-19.31826,-19.4738,-19.21297
749.8,-19.34031,-19.38062,-19.31208,-19.45843,-19.22442
749.9,-19.32627,-19.38868,-19.31587,-19.44215,-19.23417
750,-19.32268,-19.38233,-19.31536,-19.45937,-19.20693
750.1,-19.31982,-19.38639,-19.32285,-19.46455,-19.21977
750.2,-19.33378,-19.37216,-19.34634,-19.46977,-19.21135
750.3,-19.33469,-19.36485,-19.32337,-19.46273,-19.21378
750.4,-19.34783,-19.35054,-19.30525,-19.45994,-19.24597
750.5,-19.34068,-19.33998,-19.31768,-19.47719,-19.2149
750.6,-19.33199,-19.34319,-19.32434,-19.48138,-19.23398
750.7,-19.33151,-19.35264,-19.31677,-19.48489,-19.22382
750.8,-19.31401,-19.34347,-19.2718,-19.50523,-19.21629
750.9,-19.34368,-19.33785,-19.27729,-19.50359,-19.26387
751,-19.32889,-19.32229,-19.26037,-19.50832,-19.26251
751.1,-19.31558,-19.30482,-19.29007,-19.52672,-19.24672
751.2,-19.29503,-19.29181,-19.27982,-19.53116,-19.24439
751.3,-19.2941,-19.32931,-19.28934,-19.53233,-19.24435
751.4,-19.29273,-19.32404,-19.27637,-19.51052,-19.24392
751.5,-19.26854,-19.31662,-19.25397,-19.50911,-19.25351
751.6,-19.27699,-19.32148,-19.24442,-19.52648,-19.25612
751.7,-19.27329,-19.31524,-19.22376,-19.54372,-19.26568
751.8,-19.25128,-19.31273,-19.23377,-19.5294,-19.25357
751.9,-19.24857,-19.3131,-19.22952,-19.52209,-19.24033
752,-19.22728,-19.30793,-19.25107,-19.5375,-19.21009
752.1,-19.2015,-19.31241,-19.22992,-19.54645,-19.21778
752.2,-19.21669,-19.29733,-19.22956,-19.54251,-19.20776
752.3,-19.20887,-19.31757,-19.22634,-19.52537,-19.19469
752.4,-19.22707,-19.3268,-19.2451,-19.51208,-19.20137
752.5,-19.22522,-19.33512,-19.23896,-19.51294,-19.19906
752.6,-19.23017,-19.3256,-19.22468,-19.52924,-19.21306
752.7,-19.23623,-19.32265,-19.1948,-19.51507,-19.21224
752.8,-19.21768,-19.3317,-19.31244,-19.50717,-19.20955
752.9,-19.21831,-19.32808,-19.32877,-19.53173,-19.22984
753,-19.2092,-19.33607,-19.32925,-19.5481,-19.24922
753.1,-19.21586,-19.34264,-19.35571,-19.55195,-19.2589
753.2,-19.2308,-19.34022,-19.36535,-19.55213,-19.2586
753.3,-19.2429,-19.31384,-19.36367,-19.57139,-19.23278
753.4,-19.24124,-19.31505,-19.37061,-19.57453,-19.23529
753.5,-19.2283,-19.31616,-19.35145,-19.58554,-19.22516
753.6,-19.20848,-19.33117,-19.34242,-19.57001,-19.20292
753.7,-19.21426,-19.32787,-19.3359,-19.57162,-19.21291
753.8,-19.2139,-19.31846,-19.32799,-19.56945,-19.20856
753.9,-19.2021,-19.29073,-19.33467,-19.56439,-19.20615
754,-19.19948,-19.30252,-19.32759,-19.57659,-19.22677
754.1,-19.20839,-19.31786,-19.34938,-19.56362,-19.2073
754.2,-19.20742,-19.30285,-19.34859,-19.54955,-19.20324
754.3,-19.22493,-19.30675,-19.35022,-19.55533,-19.18627
754.4,-19.22811,-19.30616,-19.33564,-19.56044,-19.19338
754.5,-19.20933,-19.28043,-19.34116,-19.57669,-19.20004
754.6,-19.21112,-19.28456,-19.34223,-19.56402,-19.20312
754.7,-19.20388,-19.28784,-19.32959,-19.55716,-19.18864
754.8,-19.21967,-19.293,-19.322,-19.55794,-19.20689
754.9,-19.22881,-19.29997,-19.34239,-19.53065,-19.24095
755,-19.22539,-19.28877,-19.33285,-19.54003,-19.2319
755.1,-19.23057,-19.29504,-19.33833,-19.51894,-19.23375
755.2,-19.24036,-19.27286,-19.32714,-19.52934,-19.224
755.3,-19.24291,-19.27934,-19.32596,-19.5233,-19.22305
755.4,-19.23579,-19.29226,-19.32295,-19.52684,-19.23289
755.5,-19.22908,-19.273,-19.30604,-19.52623,-19.22799
755.6,-19.23342,-19.27419,-19.30528,-19.51938,-19.22279
755.7,-19.25264,-19.24845,-19.33243,-19.52569,-19.22937
755.8,-19.26627,-19.23237,-19.33774,-19.56084,-19.2163
755.9,-19.25996,-19.23046,-19.33739,-19.54763,-19.18835
756,-19.2484,-19.22459,-19.3498,-19.53736,-19.21302
756.1,-19.25173,-19.21395,-19.35341,-19.50826,-19.1991
756.2,-19.24753,-19.21174,-19.35399,-19.49039,-19.20424
756.3,-19.25164,-19.19756,-19.3459,-19.46359,-19.22492
756.4,-19.249,-19.19389,-19.34831,-19.48366,-19.23438
756.5,-19.26175,-19.18056,-19.32154,-19.50484,-19.24361
756.6,-19.25639,-19.18378,-19.34866,-19.4958,-19.25341
756.7,-19.25431,-19.17433,-19.35906,-19.50431,-19.26654
756.8,-19.23206,-19.18211,-19.35603,-19.47731,-19.28278
756.9,-19.23818,-19.20913,-19.3608,-19.46597,-19.29999
757,-19.23767,-19.20582,-19.3681,-19.4867,-19.30571
757.1,-19.22978,-19.18433,-19.34036,-19.4864,-19.30291
757.2,-19.20551,-19.2039,-19.34496,-19.51344,-19.29652
757.3,-19.28821,-19.20511,-19.3227,-19.50607,-19.28483
757.4,-19.29652,-19.21573,-19.30724,-19.48667,-19.27927
757.5,-19.28859,-19.22372,-19.30899,-19.49587,-19.26873
757.6,-19.28228,-19.24284,-19.32547,-19.47633,-19.27431
757.7,-19.27977,-19.24412,-19.31488,-19.47685,-19.27042
757.8,-19.30267,-19.25008,-19.28543,-19.481,-19.25774
757.9,-19.28893,-19.24526,-19.27916,-19.48058,-19.25164
758,-19.27014,-19.2464,-19.27129,-19.47497,-19.25399
758.1,-19.27179,-19.26504,-19.28215,-19.45816,-19.2329
758.2,-19.2672,-19.28626,-19.28076,-19.47381,-19.23213
758.3,-19.25633,-19.28594,-19.2736,-19.45994,-19.22634
758.4,-19.24104,-19.28688,-19.27926,-19.45667,-19.22367
758.5,-19.21758,-19.27554,-19.26771,-19.46211,-19.20715
758.6,-19.18868,-19.28228,-19.2795,-19.4545,-19.21014
758.7,-19.16664,-19.25737,-19.28848,-19.46777,-19.2092
758.8,-19.2835,-19.25527,-19.26823,-19.44749,-19.21585
758.9,-19.29416,-19.27859,-19.27103,-19.43347,-19.20072
759,-19.30832,-19.27328,-19.25651,-19.41477,-19.18171
759.1,-19.31495,-19.2522,-19.24909,-19.40936,-19.16737
759.2,-19.30246,-19.23707,-19.223,-19.42898,-19.16037
759.3,-19.26317,-19.2445,-19.22588,-19.42734,-19.13617
759.4,-19.26885,-19.24482,-19.22206,-19.45056,-19.14848
759.5,-19.26516,-19.24202,-19.24112,-19.45196,-19.16036
759.6,-19.24609,-19.24784,-19.22464,-19.44452,-19.16017
759.7,-19.23807,-19.26952,-19.24065,-19.43898,-19.17397
759.8,-19.23952,-19.26961,-19.23319,-19.44003,-19.15861
759.9,-19.21324,-19.25912,-19.24913,-19.43032,-19.1622
760,-19.19626,-19.2447,-19.25588,-19.44247,-19.1802
760.1,-19.18466,-19.22371,-19.275,-19.45032,-19.1796
760.2,-19.18631,-19.23633,-19.29086,-19.41723,-19.1789
760.3,-19.20405,-19.23951,-19.27027,-19.43232,-19.20686
760.4,-19.2148,-19.21577,-19.26253,-19.39802,-19.19365
760.5,-19.22139,-19.22541,-19.25401,-19.39219,-19.18098
760.6,-19.19602,-19.22579,-19.27048,-19.38963,-19.18129
760.7,-19.18359,-19.22619,-19.24734,-19.3916,-19.16846
760.8,-19.17439,-19.23203,-19.2334,-19.39156,-19.18557
760.9,-19.16142,-19.24413,-19.20982,-19.39306,-19.16642
761,-19.1632,-19.25803,-19.18088,-19.41519,-19.17645
761.1,-19.14978,-19.22455,-19.2042,-19.42617,-19.1615
761.2,-19.13847,-19.22997,-19.20304,-19.41016,-19.17512
761.3,-19.14699,-19.22956,-19.19004,-19.40488,-19.157
761.4,-19.14551,-19.22715,-19.21136,-19.42209,-19.15547
761.5,-19.11314,-19.23895,-19.1963,-19.407,-19.16273
761.6,-19.12545,-19.24153,-19.18138,-19.40576,-19.15466
761.7,-19.09699,-19.24603,-19.18859,-19.43258,-19.17513
761.8,-19.10768,-19.2421,-19.1841,-19.422,-19.17586
761.9,-19.11043,-19.24818,-19.17912,-19.42394,-19.1898
762,-19.11797,-19.24949,-19.19312,-19.42444,-19.19734
762.1,-19.09137,-19.25978,-19.19311,-19.43863,-19.21546
762.2,-19.0687,-19.25957,-19.18646,-19.4382,-19.21462
762.3,-19.0837,-19.26748,-19.1971,-19.46031,-19.21632
762.4,-19.08817,-19.27024,-19.20977,-19.46805,-19.2124
762.5,-19.08248,-19.28425,-19.20245,-19.44582,-19.20574
762.6,-19.08802,-19.28114,-19.18887,-19.43602,-19.17886
762.7,-19.10497,-19.27293,-19.18049,-19.4362,-19.17625
762.8,-19.09129,-19.25771,-19.18341,-19.45523,-19.19354
762.9,-19.07181,-19.25191,-19.16489,-19.4638,-19.20402
763,-19.05992,-19.22951,-19.16877,-19.45789,-19.19951
763.1,-19.06893,-19.23213,-19.16835,-19.45122,-19.19699
763.2,-19.08638,-19.23883,-19.17386,-19.45864,-19.20927
763.3,-19.09463,-19.24084,-19.16911,-19.44964,-19.20337
763.4,-19.12597,-19.2412,-19.18251,-19.43959,-19.1798
763.5,-19.13797,-19.25246,-19.18682,-19.44086,-19.18268
763.6,-19.14147,-19.25017,-19.20052,-19.44634,-19.16994
763.7,-19.13496,-19.25,-19.18937,-19.42584,-19.14428
763.8,-19.13282,-19.25202,-19.19005,-19.42455,-19.12131
763.9,-19.12392,-19.25848,-19.19041,-19.42946,-19.11996
764,-19.10832,-19.25072,-19.20401,-19.4294,-19.13688
764.1,-19.09597,-19.24029,-19.22127,-19.4334,-19.14924
764.2,-19.09772,-19.24423,-19.2387,-19.42247,-19.1453
764.3,-19.09882,-19.25524,-19.23407,-19.39749,-19.15154
764.4,-19.08639,-19.23176,-19.22293,-19.41324,-19.13773
764.5,-19.08693,-19.24242,-19.21735,-19.41692,-19.13184
764.6,-19.08715,-19.26311,-19.22014,-19.4227,-19.12043
764.7,-19.06444,-19.25859,-19.1768,-19.41421,-19.12753
764.8,-19.05876,-19.26025,-19.18323,-19.43209,-19.14925
764.9,-19.07891,-19.27003,-19.19455,-19.43575,-19.1491
765,-19.08663,-19.25272,-19.19612,-19.41291,-19.16731
765.1,-19.09682,-19.27464,-19.17021,-19.40639,-19.16993
765.2,-19.09256,-19.26506,-19.19223,-19.41655,-19.20105
765.3,-19.07821,-19.2913,-19.20886,-19.44018,-19.19785
765.4,-19.05155,-19.28889,-19.20799,-19.42537,-19.19064
765.5,-19.06879,-19.26891,-19.21495,-19.43663,-19.18477
765.6,-19.08085,-19.27554,-19.21871,-19.45039,-19.19406
765.7,-19.07725,-19.27533,-19.20439,-19.43672,-19.1749
765.8,-19.08532,-19.27643,-19.19,-19.41787,-19.15934
765.9,-19.08812,-19.26254,-19.17885,-19.39495,-19.15434
766,-19.09372,-19.26689,-19.16267,-19.3769,-19.17885
766.1,-19.098,-19.26753,-19.16082,-19.37542,-19.18242
766.2,-19.10389,-19.27203,-19.15392,-19.36788,-19.21924
766.3,-19.11216,-19.27186,-19.14691,-19.36929,-19.22336
766.4,-19.11367,-19.27089,-19.14816,-19.35074,-19.23487
766.5,-19.11491,-19.2673,-19.16725,-19.34729,-19.23445
766.6,-19.10572,-19.26314,-19.1367,-19.33631,-19.23981
766.7,-19.09896,-19.24489,-19.12026,-19.33407,-19.22957
766.8,-19.09933,-19.23549,-19.1494,-19.31357,-19.22613
766.9,-19.09735,-19.21661,-19.15566,-19.32734,-19.22927
767,-19.10069,-19.22061,-19.16256,-19.33513,-19.23952
767.1,-19.08096,-19.20567,-19.17746,-19.35511,-19.23801
767.2,-19.06748,-19.19865,-19.19019,-19.34639,-19.25328
767.3,-19.09647,-19.173,-19.1817,-19.34435,-19.25711
767.4,-19.07022,-19.1797,-19.16025,-19.32656,-19.263
767.5,-19.07532,-19.17507,-19.15624,-19.31205,-19.27354
767.6,-19.08762,-19.16068,-19.15639,-19.30634,-19.30271
767.7,-19.08094,-19.15156,-19.20041,-19.32019,-19.29119
767.8,-19.09218,-19.15095,-19.17421,-19.32471,-19.29173
767.9,-19.09806,-19.14732,-19.18997,-19.32518,-19.30378
768,-19.10313,-19.13665,-19.20582,-19.3297,-19.31013
768.1,-19.10925,-19.1392,-19.21139,-19.32612,-19.32289
768.2,-19.11219,-19.14466,-19.22706,-19.32732,-19.34699
768.3,-19.10495,-19.1318,-19.21927,-19.33435,-19.31976
768.4,-19.08192,-19.13371,-19.22631,-19.34321,-19.32527
768.5,-19.07071,-19.16777,-19.21947,-19.33112,-19.30025
768.6,-19.07479,-19.18227,-19.22251,-19.33284,-19.30059
768.7,-19.05087,-19.17478,-19.21989,-19.33243,-19.30865
768.8,-19.03253,-19.18033,-19.22413,-19.32975,-19.31989
768.9,-19.05108,-19.19699,-19.21233,-19.32045,-19.35517
769,-19.03214,-19.20339,-19.18242,-19.32576,-19.37325
769.1,-19.02035,-19.20907,-19.20332,-19.31897,-19.37109
769.2,-19.01968,-19.21884,-19.21243,-19.30572,-19.37673
769.3,-19.03882,-19.20711,-19.18374,-19.29675,-19.35824
769.4,-19.05575,-19.19884,-19.1736,-19.27416,-19.36424
769.5,-19.06055,-19.20206,-19.17573,-19.27034,-19.38996
769.6,-19.04737,-19.21175,-19.17999,-19.28226,-19.40062
769.7,-19.04861,-19.20419,-19.17571,-19.29963,-19.4085
769.8,-19.00988,-19.1873,-19.16794,-19.30815,-19.44012
769.9,-19.00857,-19.17637,-19.14996,-19.31052,-19.43366
770,-19.11306,-19.18916,-19.18576,-19.34117,-19.43732
770.1,-19.10659,-19.20792,-19.18689,-19.32756,-19.45152
770.2,-19.10446,-19.21816,-19.19714,-19.30941,-19.44902
770.3,-19.08672,-19.22975,-19.19882,-19.32202,-19.43512
770.4,-19.08559,-19.22608,-19.22653,-19.32346,-19.44321
770.5,-19.07501,-19.21234,-19.22927,-19.33903,-19.44492
770.6,-19.0773,-19.23456,-19.22587,-19.33509,-19.45789
770.7,-19.08112,-19.2259,-19.23018,-19.33068,-19.45152
770.8,-19.09908,-19.24071,-19.23913,-19.32824,-19.47799
770.9,-19.09791,-19.24758,-19.22522,-19.33718,-19.48101
771,-19.09267,-19.25793,-19.21644,-19.33313,-19.48485
771.1,-19.09565,-19.26626,-19.21804,-19.32826,-19.47518
771.2,-19.08626,-19.25822,-19.22008,-19.33334,-19.49447
771.3,-19.09815,-19.26212,-19.20223,-19.37413,-19.47913
771.4,-19.08443,-19.25825,-19.20366,-19.40647,-19.48402
771.5,-19.06649,-19.24212,-19.20489,-19.42867,-19.49515
771.6,-19.04931,-19.25158,-19.19159,-19.41642,-19.47054
771.7,-19.05218,-19.24937,-19.20534,-19.41421,-19.47932
771.8,-19.04654,-19.23392,-19.21075,-19.40945,-19.47961
771.9,-19.01668,-19.23413,-19.2078,-19.39861,-19.48431
772,-18.99241,-19.24916,-19.2336,-19.40799,-19.47828
772.1,-19.08367,-19.23534,-19.22223,-19.38526,-19.46519
772.2,-19.1092,-19.23129,-19.23748,-19.36066,-19.46708
772.3,-19.10379,-19.24433,-19.23026,-19.34858,-19.43868
772.4,-19.10211,-19.23486,-19.23057,-19.34912,-19.43596
772.5,-19.06904,-19.23134,-19.23034,-19.33873,-19.4568
772.6,-19.08514,-19.23982,-19.24678,-19.33957,-19.43997
772.7,-19.10031,-19.23385,-19.24123,-19.33833,-19.42413
772.8,-19.08741,-19.21225,-19.24259,-19.35363,-19.42829
772.9,-19.07887,-19.21627,-19.22663,-19.33605,-19.42064
773,-19.08146,-19.20992,-19.21922,-19.355,-19.44283
773.1,-19.08728,-19.23386,-19.21797,-19.32741,-19.42789
773.2,-19.08837,-19.25819,-19.22094,-19.32064,-19.42907
773.3,-19.06694,-19.23962,-19.23566,-19.33708,-19.42579
773.4,-19.08084,-19.25458,-19.23024,-19.35474,-19.42251
773.5,-19.07304,-19.26722,-19.20817,-19.34341,-19.43383
773.6,-19.05698,-19.26654,-19.20279,-19.34429,-19.42766
773.7,-19.05517,-19.27559,-19.22064,-19.35333,-19.4275
773.8,-19.06928,-19.26996,-19.22134,-19.33422,-19.42457
773.9,-19.06324,-19.26955,-19.2136,-19.34703,-19.40393
774,-19.06784,-19.25385,-19.22213,-19.35825,-19.40055
774.1,-19.05151,-19.25184,-19.22559,-19.36325,-19.38488
774.2,-19.06642,-19.24706,-19.24459,-19.36865,-19.38789
774.3,-19.07764,-19.26358,-19.23436,-19.35856,-19.37654
774.4,-19.07251,-19.25515,-19.20537,-19.35639,-19.38001
774.5,-19.08156,-19.26681,-19.21141,-19.36209,-19.38138
774.6,-19.09374,-19.279,-19.20325,-19.36338,-19.36274
774.7,-19.10376,-19.28993,-19.22869,-19.37581,-19.37783
774.8,-19.06803,-19.29367,-19.23547,-19.3787,-19.37921
774.9,-19.02923,-19.29491,-19.24723,-19.36744,-19.42754
775,-19.03318,-19.28367,-19.26019,-19.38251,-19.43152
775.1,-19.04982,-19.27597,-19.25053,-19.41104,-19.45043
775.2,-19.06265,-19.26826,-19.23551,-19.39246,-19.44112
775.3,-19.07289,-19.26839,-19.23342,-19.36805,-19.41125
775.4,-19.07,-19.26062,-19.21743,-19.36831,-19.42345
775.5,-19.06813,-19.23438,-19.20509,-19.35289,-19.43098
775.6,-19.06665,-19.24278,-19.19097,-19.37577,-19.44091
775.7,-19.04136,-19.23337,-19.19137,-19.36828,-19.45366
775.8,-19.03685,-19.23532,-19.20318,-19.36801,-19.45839
775.9,-19.02598,-19.21637,-19.20424,-19.37153,-19.47772
776,-19.05084,-19.22308,-19.1889,-19.37563,-19.46574
776.1,-19.04023,-19.20527,-19.18797,-19.37999,-19.44232
776.2,-19.02723,-19.19896,-19.20115,-19.40549,-19.42977
776.3,-19.03875,-19.21371,-19.21445,-19.40182,-19.42182
776.4,-19.03268,-19.2157,-19.22855,-19.38618,-19.42181
776.5,-19.02514,-19.22448,-19.20692,-19.37136,-19.41899
776.6,-19.03764,-19.21502,-19.21925,-19.3538,-19.40995
776.7,-19.05553,-19.20378,-19.22894,-19.35727,-19.37882
776.8,-19.07934,-19.19708,-19.24481,-19.36902,-19.37391
776.9,-19.08032,-19.18945,-19.24064,-19.36285,-19.39846
777,-19.08583,-19.20511,-19.24823,-19.38702,-19.39175
777.1,-19.0911,-19.19853,-19.256,-19.35909,-19.38977
777.2,-19.08246,-19.17712,-19.24537,-19.38027,-19.41412
777.3,-19.06972,-19.15457,-19.2218,-19.37741,-19.40312
777.4,-19.08532,-19.17238,-19.21583,-19.39602,-19.40874
777.5,-19.087,-19.16653,-19.21161,-19.40479,-19.4263
777.6,-19.10452,-19.16471,-19.2055,-19.42093,-19.44392
777.7,-19.10012,-19.17419,-19.18721,-19.43379,-19.44682
777.8,-19.10461,-19.17714,-19.16651,-19.41048,-19.44956
777.9,-19.13048,-19.18513,-19.17939,-19.4057,-19.4637
778,-19.11825,-19.16729,-19.18475,-19.39182,-19.47446
778.1,-19.1241,-19.17367,-19.18956,-19.3766,-19.48598
778.2,-19.13174,-19.16822,-19.18786,-19.37273,-19.46741
778.3,-19.12909,-19.17835,-19.16258,-19.37727,-19.44126
778.4,-19.11504,-19.18508,-19.16647,-19.35888,-19.42196
778.5,-19.11536,-19.16607,-19.1332,-19.38452,-19.42399
778.6,-19.12525,-19.15026,-19.13742,-19.37963,-19.44389
778.7,-19.1364,-19.14475,-19.12547,-19.37736,-19.41583
778.8,-19.13939,-19.14633,-19.12867,-19.38185,-19.41505
778.9,-19.15257,-19.15811,-19.12609,-19.38725,-19.41633
779,-19.14697,-19.17677,-19.10029,-19.38626,-19.40147
779.1,-19.17689,-19.16734,-19.10567,-19.3897,-19.39741
779.2,-19.19447,-19.16883,-19.1173,-19.38544,-19.38667
779.3,-19.20367,-19.18191,-19.12734,-19.38871,-19.36935
779.4,-19.20554,-19.16629,-19.14578,-19.39551,-19.37163
779.5,-19.19465,-19.17017,-19.14391,-19.41204,-19.38961
779.6,-19.17232,-19.18042,-19.14346,-19.39264,-19.3923
779.7,-19.16074,-19.16974,-19.1567,-19.36874,-19.39438
779.8,-19.16045,-19.17086,-19.16946,-19.375,-19.4067
779.9,-19.15196,-19.17539,-19.19731,-19.37968,-19.40765
780,-19.11615,-19.16573,-19.18835,-19.40637,-19.43581
780.1,-19.11761,-19.16384,-19.21034,-19.41263,-19.44704
780.2,-19.13265,-19.18168,-19.21445,-19.42649,-19.40608
780.3,-19.11866,-19.18824,-19.22224,-19.43304,-19.42298
780.4,-19.10834,-19.17996,-19.23637,-19.43505,-19.42015
780.5,-19.09316,-19.17846,-19.24038,-19.40996,-19.41167
780.6,-19.07971,-19.19623,-19.25002,-19.41505,-19.39175
780.7,-19.07292,-19.19564,-19.25552,-19.41063,-19.35859
780.8,-19.04398,-19.15932,-19.2497,-19.38175,-19.35822
780.9,-19.04227,-19.15718,-19.2648,-19.36801,-19.35374
781,-19.00943,-19.15707,-19.27508,-19.38783,-19.33227
781.1,-18.97516,-19.13418,-19.27455,-19.39481,-19.34256
781.2,-19.09292,-19.12637,-19.29219,-19.39388,-19.34918
781.3,-19.08696,-19.15484,-19.29895,-19.40254,-19.35242
781.4,-19.08906,-19.1618,-19.3065,-19.38691,-19.36563
781.5,-19.09842,-19.17863,-19.29916,-19.37964,-19.38315
781.6,-19.08862,-19.19144,-19.3168,-19.38802,-19.37019
781.7,-19.08919,-19.20816,-19.30147,-19.39496,-19.3691
781.8,-19.09117,-19.21308,-19.29057,-19.40869,-19.36671
781.9,-19.10628,-19.20379,-19.30754,-19.39313,-19.3628
782,-19.06882,-19.2121,-19.32985,-19.38143,-19.35228
782.1,-19.07767,-19.22841,-19.32341,-19.37476,-19.31289
782.2,-19.08781,-19.23258,-19.33244,-19.38097,-19.30765
782.3,-19.11242,-19.22449,-19.35062,-19.36381,-19.31813
782.4,-19.13144,-19.21129,-19.33872,-19.36934,-19.33176
782.5,-19.13362,-19.20294,-19.34007,-19.36376,-19.34189
782.6,-19.12992,-19.21398,-19.31771,-19.36811,-19.33785
782.7,-19.14824,-19.2212,-19.32095,-19.37294,-19.32787
782.8,-19.15546,-19.22545,-19.34122,-19.36147,-19.33584
782.9,-19.14383,-19.21226,-19.34653,-19.38372,-19.3253
783,-19.12803,-19.1866,-19.34787,-19.41014,-19.32063
783.1,-19.1385,-19.16959,-19.34838,-19.43603,-19.29286
783.2,-19.10798,-19.16456,-19.35343,-19.43957,-19.29184
783.3,-19.1115,-19.15427,-19.3648,-19.43004,-19.28556
783.4,-19.10276,-19.15112,-19.37721,-19.41011,-19.28323
783.5,-19.09873,-19.16447,-19.36852,-19.40101,-19.26319
783.6,-19.06646,-19.1557,-19.37847,-19.40554,-19.27681
783.7,-19.05261,-19.15115,-19.3647,-19.41132,-19.25381
783.8,-19.04362,-19.14949,-19.35322,-19.4114,-19.24767
783.9,-19.01598,-19.15067,-19.33071,-19.39787,-19.23066
784,-19.01794,-19.15704,-19.33761,-19.40897,-19.22978
784.1,-19.09912,-19.15101,-19.33244,-19.40206,-19.23903
784.2,-19.10811,-19.15714,-19.31973,-19.38006,-19.27511
784.3,-19.11203,-19.13469,-19.32928,-19.36597,-19.27626
784.4,-19.10389,-19.16878,-19.31696,-19.36541,-19.28424
784.5,-19.10168,-19.16857,-19.31675,-19.36235,-19.27078
784.6,-19.10222,-19.17123,-19.3234,-19.38018,-19.28465
784.7,-19.10988,-19.15372,-19.33337,-19.3616,-19.28559
784.8,-19.09953,-19.15691,-19.32005,-19.34512,-19.31069
784.9,-19.10023,-19.14229,-19.29075,-19.34145,-19.28935
785,-19.09212,-19.13841,-19.28484,-19.34683,-19.30572
785.1,-19.07926,-19.1382,-19.25779,-19.34926,-19.31176
785.2,-19.10249,-19.13359,-19.23512,-19.36048,-19.28452
785.3,-19.08258,-19.11242,-19.23637,-19.36801,-19.27329
785.4,-19.10474,-19.08473,-19.24381,-19.36374,-19.27309
785.5,-19.11159,-19.09066,-19.25968,-19.32629,-19.27857
785.6,-19.1079,-19.1027,-19.25553,-19.33476,-19.27028
785.7,-19.11689,-19.11242,-19.26702,-19.33192,-19.2788
785.8,-19.11074,-19.13603,-19.25795,-19.33859,-19.29372
785.9,-19.10671,-19.12804,-19.25478,-19.34409,-19.27383
786,-19.10336,-19.12813,-19.25913,-19.33881,-19.27905
786.1,-19.10509,-19.11228,-19.25261,-19.32355,-19.3038
786.2,-19.10395,-19.10112,-19.26226,-19.30875,-19.29736
786.3,-19.11137,-19.10153,-19.25753,-19.31286,-19.32415
786.4,-19.11045,-19.10568,-19.26386,-19.3099,-19.3536
786.5,-19.13367,-19.1186,-19.26411,-19.31245,-19.3629
786.6,-19.14193,-19.14151,-19.2887,-19.32078,-19.37854
786.7,-19.14221,-19.14356,-19.25279,-19.32619,-19.38031
786.8,-19.17948,-19.15385,-19.27573,-19.32493,-19.37935
786.9,-19.18285,-19.15858,-19.28184,-19.33927,-19.35444
787,-19.18629,-19.15608,-19.29752,-19.33855,-19.36159
787.1,-19.18333,-19.17184,-19.29164,-19.30625,-19.3473
787.2,-19.21192,-19.17119,-19.29704,-19.30155,-19.34713
787.3,-19.19008,-19.17029,-19.30461,-19.31961,-19.32161
787.4,-19.20568,-19.16192,-19.31554,-19.31886,-19.34601
787.5,-19.20362,-19.17604,-19.34719,-19.32147,-19.33997
787.6,-19.21831,-19.1671,-19.33726,-19.33102,-19.34489
787.7,-19.21041,-19.16935,-19.32452,-19.32916,-19.34318
787.8,-19.19541,-19.17339,-19.33907,-19.31945,-19.3692
787.9,-19.16326,-19.17687,-19.37623,-19.3183,-19.39337
788,-19.1771,-19.15132,-19.39111,-19.33078,-19.38364
788.1,-19.18407,-19.16273,-19.40125,-19.33697,-19.39231
788.2,-19.20476,-19.20311,-19.40822,-19.35008,-19.39123
788.3,-19.21271,-19.21404,-19.40082,-19.34749,-19.37326
788.4,-19.23001,-19.19667,-19.40148,-19.33936,-19.36276
788.5,-19.22492,-19.21165,-19.39034,-19.34713,-19.38985
788.6,-19.22365,-19.22646,-19.37953,-19.33762,-19.41541
788.7,-19.21979,-19.25415,-19.3622,-19.32356,-19.41803
788.8,-19.24195,-19.25658,-19.37005,-19.32596,-19.40699
788.9,-19.25184,-19.26662,-19.35883,-19.32598,-19.39507
789,-19.23601,-19.27671,-19.36908,-19.35435,-19.3936
789.1,-19.22638,-19.27341,-19.37702,-19.33107,-19.37844
789.2,-19.22554,-19.27959,-19.37233,-19.32502,-19.37603
789.3,-19.22608,-19.29888,-19.3698,-19.32947,-19.38227
789.4,-19.23488,-19.30591,-19.37558,-19.3327,-19.3794
789.5,-19.21352,-19.32152,-19.35554,-19.31851,-19.36199
789.6,-19.19475,-19.32288,-19.35737,-19.32058,-19.35726
789.7,-19.18614,-19.31108,-19.3717,-19.31664,-19.33766
789.8,-19.16783,-19.30551,-19.35721,-19.29398,-19.35751
789.9,-19.17051,-19.31431,-19.35874,-19.30947,-19.36598
790,-19.15308,-19.30421,-19.3644,-19.30562,-19.34307
790.1,-19.1764,-19.29018,-19.37722,-19.29507,-19.34908
790.2,-19.20489,-19.31688,-19.3743,-19.29085,-19.35116
790.3,-19.19191,-19.32102,-19.37489,-19.28405,-19.33151
790.4,-19.20877,-19.30372,-19.37637,-19.26347,-19.34017
790.5,-19.22188,-19.29237,-19.38878,-19.28301,-19.3425
790.6,-19.22261,-19.28234,-19.40709,-19.26575,-19.34168
790.7,-19.2226,-19.27488,-19.43436,-19.2802,-19.33231
790.8,-19.23642,-19.29659,-19.44443,-19.2713,-19.35479
790.9,-19.23347,-19.32461,-19.41975,-19.26538,-19.34858
791,-19.23266,-19.32584,-19.43363,-19.2689,-19.3431
791.1,-19.24621,-19.3466,-19.42583,-19.27715,-19.35168
791.2,-19.2416,-19.31193,-19.40803,-19.2794,-19.35699
791.3,-19.22794,-19.3278,-19.4082,-19.28688,-19.3307
791.4,-19.21362,-19.34704,-19.41838,-19.29279,-19.32557
791.5,-19.22203,-19.36492,-19.41748,-19.29517,-19.31676
791.6,-19.22403,-19.36342,-19.4291,-19.28626,-19.32268
791.7,-19.22738,-19.36327,-19.43693,-19.26216,-19.33354
791.8,-19.21372,-19.37894,-19.43998,-19.26234,-19.32477
791.9,-19.19793,-19.38012,-19.4328,-19.27158,-19.31689
792,-19.20523,-19.36036,-19.43725,-19.27893,-19.30685
792.1,-19.20868,-19.35966,-19.44262,-19.27848,-19.31957
792.2,-19.19155,-19.35271,-19.44274,-19.2805,-19.33667
792.3,-19.20209,-19.36378,-19.44531,-19.27143,-19.33981
792.4,-19.16283,-19.36867,-19.45704,-19.27964,-19.32746
792.5,-19.15221,-19.37772,-19.45186,-19.30546,-19.32537
792.6,-19.15454,-19.37812,-19.44123,-19.32519,-19.3188
792.7,-19.1601,-19.35995,-19.43781,-19.33414,-19.33038
792.8,-19.16504,-19.32578,-19.44155,-19.32808,-19.3383
792.9,-19.16065,-19.31183,-19.44273,-19.32447,-19.3396
793,-19.1611,-19.30297,-19.44179,-19.3331,-19.32658
793.1,-19.1817,-19.30601,-19.4299,-19.3218,-19.33937
793.2,-19.18576,-19.32127,-19.43949,-19.32122,-19.34793
793.3,-19.20381,-19.31015,-19.43566,-19.32553,-19.34891
793.4,-19.18425,-19.31273,-19.42359,-19.32981,-19.36629
793.5,-19.1811,-19.26437,-19.40874,-19.3286,-19.36521
793.6,-19.19515,-19.36682,-19.39988,-19.30203,-19.36109
793.7,-19.19386,-19.37391,-19.38796,-19.31837,-19.35634
793.8,-19.20031,-19.35255,-19.41918,-19.31577,-19.35189
793.9,-19.20688,-19.34655,-19.42594,-19.3363,-19.36212
794,-19.1983,-19.34027,-19.41189,-19.32741,-19.35093
794.1,-19.22911,-19.36908,-19.39975,-19.33696,-19.34793
794.2,-19.22794,-19.37278,-19.41308,-19.34224,-19.35711
794.3,-19.23066,-19.39459,-19.3951,-19.34349,-19.3446
794.4,-19.22643,-19.40052,-19.39848,-19.34012,-19.36349
794.5,-19.2233,-19.39372,-19.37558,-19.33903,-19.35522
794.6,-19.21239,-19.37705,-19.38193,-19.33791,-19.36499
794.7,-19.21391,-19.38283,-19.35894,-19.35072,-19.38165
794.8,-19.19405,-19.36068,-19.3671,-19.34129,-19.39402
794.9,-19.17797,-19.35533,-19.34801,-19.35164,-19.39891
795,-19.17758,-19.37778,-19.44392,-19.32778,-19.39637
795.1,-19.19173,-19.37363,-19.43666,-19.32948,-19.3752
795.2,-19.17048,-19.38771,-19.44874,-19.32781,-19.37815
795.3,-19.17211,-19.37522,-19.44499,-19.34478,-19.39922
795.4,-19.16771,-19.36958,-19.44467,-19.33346,-19.42047
795.5,-19.17895,-19.39812,-19.42924,-19.33041,-19.43342
795.6,-19.18377,-19.40005,-19.44664,-19.34941,-19.43033
795.7,-19.19811,-19.40718,-19.48748,-19.33977,-19.42995
795.8,-19.20939,-19.39006,-19.4915,-19.35615,-19.44437
795.9,-19.22325,-19.38919,-19.4865,-19.32268,-19.46046
796,-19.19626,-19.38259,-19.47154,-19.31092,-19.46482
796.1,-19.21567,-19.37521,-19.48112,-19.31245,-19.46866
796.2,-19.22733,-19.38508,-19.46461,-19.30471,-19.45795
796.3,-19.22355,-19.37002,-19.4615,-19.30601,-19.4663
796.4,-19.21933,-19.35798,-19.47508,-19.32535,-19.47785
796.5,-19.2142,-19.36786,-19.48456,-19.34765,-19.47052
796.6,-19.21425,-19.38454,-19.51103,-19.33629,-19.45547
796.7,-19.21431,-19.37714,-19.49904,-19.33834,-19.45996
796.8,-19.21046,-19.39775,-19.50164,-19.33659,-19.42978
796.9,-19.21406,-19.38284,-19.49127,-19.32346,-19.41846
797,-19.20365,-19.38644,-19.47733,-19.31455,-19.42819
797.1,-19.216,-19.37816,-19.49466,-19.30678,-19.43788
797.2,-19.21736,-19.38591,-19.47894,-19.2885,-19.43551
797.3,-19.23672,-19.38908,-19.4768,-19.29032,-19.44404
797.4,-19.24523,-19.40657,-19.47263,-19.27689,-19.43647
797.5,-19.23961,-19.42163,-19.45637,-19.28227,-19.43579
797.6,-19.22216,-19.42827,-19.46493,-19.26398,-19.43292
797.7,-19.22243,-19.41774,-19.46977,-19.27867,-19.42207
797.8,-19.23793,-19.42885,-19.45256,-19.29793,-19.40966
797.9,-19.23633,-19.41947,-19.44287,-19.31844,-19.4233
798,-19.25013,-19.369,-19.45687,-19.3308,-19.42585
798.1,-19.2432,-19.37021,-19.42844,-19.32425,-19.43944
798.2,-19.26183,-19.37388,-19.43406,-19.30919,-19.4515
798.3,-19.25975,-19.37463,-19.44193,-19.32928,-19.44844
798.4,-19.28106,-19.35393,-19.45002,-19.32375,-19.44492
798.5,-19.2797,-19.35746,-19.44682,-19.31739,-19.4315
798.6,-19.28215,-19.36011,-19.46032,-19.32286,-19.42628
798.7,-19.25814,-19.35395,-19.45822,-19.35297,-19.43223
798.8,-19.24084,-19.35266,-19.45412,-19.34624,-19.40489
798.9,-19.24465,-19.34681,-19.44441,-19.35377,-19.39414
799,-19.27312,-19.35158,-19.43478,-19.34701,-19.39955
799.1,-19.25234,-19.34431,-19.45165,-19.35047,-19.4229
799.2,-19.26882,-19.34661,-19.45092,-19.33617,-19.42741
799.3,-19.2747,-19.36214,-19.46475,-19.30348,-19.42474
799.4,-19.28253,-19.34471,-19.44824,-19.28193,-19.43622
799.5,-19.27376,-19.34781,-19.47041,-19.27647,-19.44638
799.6,-19.28892,-19.36113,-19.4944,-19.25898,-19.44465
799.7,-19.2623,-19.33601,-19.50408,-19.26674,-19.42949
799.8,-19.26617,-19.31866,-19.48641,-19.27559,-19.41629
799.9,-19.26784,-19.31971,-19.47806,-19.28368,-19.40022
800,-19.29729,-19.3144,-19.49419,-19.29386,-19.39458
800.1,-19.29556,-19.30473,-19.50018,-19.31376,-19.39643
800.2,-19.29898,-19.30012,-19.51184,-19.30856,-19.40861
800.3,-19.30248,-19.2978,-19.51532,-19.32377,-19.39567
800.4,-19.32754,-19.28377,-19.51179,-19.32865,-19.39946
800.5,-19.32364,-19.29533,-19.49152,-19.32376,-19.39206
800.6,-19.34222,-19.30488,-19.48488,-19.33393,-19.37503
800.7,-19.34943,-19.27858,-19.50526,-19.36499,-19.37915
800.8,-19.34499,-19.27585,-19.49896,-19.35262,-19.3844
800.9,-19.35013,-19.27081,-19.51248,-19.34691,-19.3665
801,-19.35274,-19.27024,-19.49218,-19.34751,-19.34353
801.1,-19.33574,-19.26221,-19.46824,-19.38463,-19.35456
801.2,-19.34399,-19.26223,-19.47291,-19.39742,-19.34975
801.3,-19.34798,-19.25543,-19.47647,-19.41493,-19.35512
801.4,-19.34288,-19.25308,-19.47683,-19.40473,-19.36264
801.5,-19.3416,-19.26771,-19.46458,-19.3774,-19.35464
801.6,-19.31942,-19.27077,-19.45273,-19.38536,-19.33848
801.7,-19.31714,-19.26695,-19.46261,-19.38151,-19.33375
801.8,-19.3215,-19.26185,-19.46196,-19.36041,-19.32678
801.9,-19.33434,-19.24986,-19.48736,-19.35863,-19.31734
802,-19.35191,-19.25648,-19.47619,-19.35819,-19.3066
802.1,-19.33825,-19.25875,-19.46877,-19.39212,-19.31267
802.2,-19.34236,-19.26337,-19.45937,-19.39174,-19.29602
802.3,-19.33728,-19.24934,-19.46901,-19.38959,-19.30707
802.4,-19.30764,-19.25377,-19.48507,-19.37709,-19.30811
802.5,-19.32033,-19.2628,-19.48477,-19.3934,-19.29582
802.6,-19.32294,-19.26797,-19.50339,-19.39119,-19.30194
802.7,-19.32762,-19.25607,-19.51125,-19.3994,-19.33091
802.8,-19.35778,-19.27546,-19.51379,-19.38675,-19.3369
802.9,-19.36183,-19.27433,-19.50116,-19.4045,-19.32598
803,-19.36102,-19.29366,-19.51109,-19.40301,-19.33027
803.1,-19.35207,-19.2751,-19.51435,-19.40907,-19.33083
803.2,-19.35697,-19.26925,-19.53011,-19.4062,-19.32234
803.3,-19.33668,-19.25077,-19.55244,-19.40096,-19.34148
803.4,-19.32389,-19.25139,-19.55832,-19.38677,-19.31136
803.5,-19.32319,-19.25522,-19.54379,-19.37964,-19.32756
803.6,-19.34312,-19.27409,-19.5336,-19.3927,-19.32651
803.7,-19.34897,-19.27759,-19.53314,-19.39102,-19.30541
803.8,-19.35417,-19.27337,-19.52109,-19.418,-19.31253
803.9,-19.36449,-19.28769,-19.53442,-19.40929,-19.30431
804,-19.36417,-19.27839,-19.50824,-19.3998,-19.30072
804.1,-19.393,-19.29163,-19.48857,-19.4335,-19.30455
804.2,-19.39894,-19.30591,-19.50155,-19.4175,-19.3324
804.3,-19.40195,-19.30262,-19.48739,-19.42108,-19.30734
804.4,-19.39436,-19.31536,-19.48501,-19.41988,-19.32902
804.5,-19.38763,-19.32988,-19.48434,-19.43514,-19.35207
804.6,-19.37411,-19.32171,-19.46344,-19.42729,-19.36182
804.7,-19.38286,-19.3515,-19.48833,-19.40826,-19.35755
804.8,-19.38662,-19.34767,-19.46333,-19.38553,-19.33834
804.9,-19.39917,-19.34651,-19.48336,-19.38714,-19.35512
805,-19.41613,-19.34655,-19.50191,-19.40911,-19.34877
805.1,-19.41364,-19.34724,-19.49724,-19.43223,-19.34407
805.2,-19.40538,-19.35039,-19.50939,-19.42454,-19.34842
805.3,-19.40527,-19.359,-19.52124,-19.39858,-19.34033
805.4,-19.3782,-19.35196,-19.52917,-19.40488,-19.38339
805.5,-19.38111,-19.35122,-19.52156,-19.41964,-19.38922
805.6,-19.4039,-19.33977,-19.51028,-19.42717,-19.38999
805.7,-19.40684,-19.34892,-19.51388,-19.42969,-19.36785
805.8,-19.41037,-19.35097,-19.54116,-19.45079,-19.36819
805.9,-19.41555,-19.33716,-19.51625,-19.46626,-19.3615
806,-19.40744,-19.33877,-19.52141,-19.4626,-19.36032
806.1,-19.40407,-19.3262,-19.51139,-19.46113,-19.3585
806.2,-19.39824,-19.31879,-19.50711,-19.46404,-19.34068
806.3,-19.40831,-19.33674,-19.52804,-19.45864,-19.30755
806.4,-19.42267,-19.34765,-19.54453,-19.45527,-19.29958
806.5,-19.41162,-19.36194,-19.54017,-19.44182,-19.31144
806.6,-19.42873,-19.35584,-19.54073,-19.45305,-19.29871
806.7,-19.41874,-19.37173,-19.55384,-19.44317,-19.291
806.8,-19.42611,-19.38241,-19.55531,-19.43243,-19.28416
806.9,-19.42826,-19.36484,-19.55802,-19.39621,-19.28884
807,-19.44038,-19.38269,-19.55626,-19.40493,-19.28725
807.1,-19.44172,-19.38718,-19.54238,-19.41061,-19.2867
807.2,-19.44292,-19.35892,-19.53775,-19.42637,-19.28318
807.3,-19.44202,-19.38259,-19.55443,-19.43762,-19.29413
807.4,-19.44661,-19.38033,-19.5453,-19.42887,-19.30276
807.5,-19.45738,-19.39519,-19.53139,-19.43476,-19.33511
807.6,-19.44457,-19.40144,-19.52679,-19.42193,-19.34356
807.7,-19.45673,-19.40447,-19.54597,-19.43113,-19.34276
807.8,-19.4687,-19.41912,-19.57183,-19.42034,-19.33189
807.9,-19.47365,-19.42637,-19.56768,-19.42306,-19.33804
808,-19.46846,-19.42799,-19.56194,-19.41593,-19.3356
808.1,-19.48173,-19.44596,-19.56619,-19.40856,-19.31727
808.2,-19.48543,-19.46924,-19.57629,-19.40396,-19.31397
808.3,-19.48711,-19.45641,-19.57894,-19.39249,-19.32133
808.4,-19.47889,-19.4518,-19.59075,-19.3956,-19.31245
808.5,-19.45782,-19.45772,-19.57668,-19.40923,-19.30661
808.6,-19.468,-19.46845,-19.56097,-19.40827,-19.29323
808.7,-19.47471,-19.46342,-19.5423,-19.3986,-19.27114
808.8,-19.46165,-19.47306,-19.52631,-19.40149,-19.27331
808.9,-19.43749,-19.47774,-19.53196,-19.41006,-19.27087
809,-19.40644,-19.47001,-19.54309,-19.41526,-19.26985
809.1,-19.39212,-19.4621,-19.52795,-19.42883,-19.2711
809.2,-19.39637,-19.45606,-19.53219,-19.42996,-19.24775
809.3,-19.40249,-19.43807,-19.51865,-19.44887,-19.25769
809.4,-19.38839,-19.42286,-19.51886,-19.44351,-19.24411
809.5,-19.37151,-19.4298,-19.5334,-19.43197,-19.28632
809.6,-19.35573,-19.4494,-19.5375,-19.44915,-19.27094
809.7,-19.38295,-19.45451,-19.54242,-19.41496,-19.27145
809.8,-19.38184,-19.46297,-19.54463,-19.40986,-19.26704
809.9,-19.386,-19.44973,-19.52556,-19.40087,-19.26168
810,-19.37649,-19.45516,-19.54169,-19.40172,-19.25156
810.1,-19.3969,-19.45632,-19.54315,-19.39836,-19.26199
810.2,-19.38401,-19.4633,-19.53192,-19.39503,-19.2462
810.3,-19.41242,-19.46825,-19.52585,-19.39531,-19.24221
810.4,-19.40992,-19.4715,-19.49176,-19.39153,-19.23187
810.5,-19.41654,-19.49316,-19.51668,-19.37378,-19.23971
810.6,-19.41832,-19.50737,-19.52283,-19.37489,-19.23182
810.7,-19.4412,-19.51878,-19.5037,-19.37504,-19.22181
810.8,-19.45331,-19.52436,-19.51563,-19.35589,-19.21837
810.9,-19.46343,-19.50422,-19.50971,-19.38195,-19.21868
811,-19.47374,-19.49146,-19.48965,-19.37259,-19.21392
811.1,-19.45795,-19.49235,-19.48199,-19.38125,-19.21559
811.2,-19.47523,-19.49917,-19.45669,-19.39153,-19.20075
811.3,-19.47714,-19.51299,-19.44691,-19.37846,-19.21423
811.4,-19.46057,-19.48883,-19.45207,-19.38111,-19.23454
811.5,-19.45194,-19.43907,-19.4392,-19.34777,-19.24343
811.6,-19.4546,-19.43109,-19.45333,-19.38051,-19.23081
811.7,-19.43624,-19.40879,-19.438,-19.37492,-19.22216
811.8,-19.41643,-19.41218,-19.45011,-19.37725,-19.25764
811.9,-19.40007,-19.41826,-19.4348,-19.38633,-19.26614
812,-19.41531,-19.41438,-19.42559,-19.39459,-19.27003
812.1,-19.40087,-19.42578,-19.42668,-19.40166,-19.28135
812.2,-19.39664,-19.41393,-19.41039,-19.41778,-19.27722
812.3,-19.38068,-19.40703,-19.42528,-19.44405,-19.26299
812.4,-19.37819,-19.41335,-19.44517,-19.44116,-19.26995
812.5,-19.37314,-19.42251,-19.44335,-19.4239,-19.25715
812.6,-19.36113,-19.42687,-19.44239,-19.43204,-19.25009
812.7,-19.37409,-19.44443,-19.4352,-19.45545,-19.24591
812.8,-19.39407,-19.45238,-19.42782,-19.46438,-19.24898
812.9,-19.40145,-19.44045,-19.43404,-19.48208,-19.26074
813,-19.41404,-19.45493,-19.44532,-19.46966,-19.24493
813.1,-19.40945,-19.45816,-19.43127,-19.49801,-19.25262
813.2,-19.39379,-19.47801,-19.40246,-19.49227,-19.24915
813.3,-19.42846,-19.47703,-19.41615,-19.48855,-19.2591
813.4,-19.45111,-19.44941,-19.41928,-19.50563,-19.24564
813.5,-19.43673,-19.45775,-19.39742,-19.51754,-19.23119
813.6,-19.44393,-19.46731,-19.38964,-19.52451,-19.24545
813.7,-19.43291,-19.47705,-19.38777,-19.53719,-19.24009
813.8,-19.44222,-19.46493,-19.38862,-19.53854,-19.225
813.9,-19.45047,-19.45803,-19.38095,-19.53794,-19.24452
814,-19.46696,-19.43459,-19.37145,-19.53088,-19.24736
814.1,-19.47559,-19.43313,-19.37486,-19.54568,-19.24503
814.2,-19.48086,-19.42882,-19.38027,-19.54244,-19.24187
814.3,-19.4926,-19.41336,-19.3904,-19.54151,-19.24163
814.4,-19.49989,-19.41224,-19.4203,-19.55558,-19.23661
814.5,-19.49214,-19.38265,-19.40185,-19.5576,-19.2383
814.6,-19.49408,-19.37639,-19.39331,-19.54258,-19.24734
814.7,-19.48096,-19.36783,-19.40955,-19.55006,-19.24129
814.8,-19.48687,-19.45426,-19.41655,-19.53465,-19.25908
814.9,-19.49623,-19.44208,-19.3953,-19.55609,-19.26125
815,-19.51956,-19.44692,-19.37909,-19.56648,-19.28898
815.1,-19.52449,-19.45553,-19.39215,-19.5743,-19.29127
815.2,-19.52691,-19.48006,-19.37704,-19.56801,-19.28777
815.3,-19.49133,-19.49022,-19.38591,-19.56051,-19.27359
815.4,-19.48338,-19.48897,-19.38452,-19.57311,-19.2995
815.5,-19.47718,-19.49492,-19.40228,-19.57345,-19.30232
815.6,-19.51775,-19.49571,-19.41852,-19.55567,-19.29917
815.7,-19.52397,-19.47019,-19.42671,-19.53521,-19.30638
815.8,-19.51312,-19.45309,-19.44271,-19.54158,-19.31995
815.9,-19.51965,-19.46113,-19.44726,-19.51617,-19.32365
816,-19.50688,-19.49126,-19.44568,-19.52102,-19.34183
816.1,-19.50885,-19.48436,-19.43974,-19.51981,-19.36788
816.2,-19.51238,-19.46689,-19.44087,-19.52994,-19.38104
816.3,-19.49991,-19.46914,-19.44621,-19.49557,-19.38954
816.4,-19.51451,-19.46375,-19.44924,-19.49362,-19.40362
816.5,-19.49721,-19.47464,-19.45545,-19.50302,-19.41535
816.6,-19.497,-19.46576,-19.41515,-19.50444,-19.41381
816.7,-19.49329,-19.46149,-19.41428,-19.5138,-19.42225
816.8,-19.48829,-19.45692,-19.39056,-19.50601,-19.41221
816.9,-19.50827,-19.46381,-19.40303,-19.5031,-19.39954
817,-19.49818,-19.46011,-19.39682,-19.53008,-19.37936
817.1,-19.49983,-19.47564,-19.405,-19.52735,-19.34351
817.2,-19.49639,-19.4709,-19.41103,-19.53255,-19.33967
817.3,-19.47499,-19.47572,-19.41247,-19.51783,-19.36355
817.4,-19.48959,-19.46387,-19.40939,-19.49969,-19.35653
817.5,-19.47901,-19.43826,-19.41116,-19.51252,-19.34747
817.6,-19.50948,-19.44005,-19.40826,-19.47312,-19.36145
817.7,-19.51538,-19.43972,-19.40375,-19.49271,-19.38521
817.8,-19.50915,-19.43107,-19.39735,-19.49939,-19.38541
817.9,-19.496,-19.44176,-19.40692,-19.48536,-19.39725
818,-19.49619,-19.45801,-19.41431,-19.49725,-19.39699
818.1,-19.50433,-19.47406,-19.40025,-19.50296,-19.39786
818.2,-19.49848,-19.45572,-19.39954,-19.49957,-19.40366
818.3,-19.49193,-19.45285,-19.41692,-19.48623,-19.37984
818.4,-19.46255,-19.46148,-19.40664,-19.45692,-19.37108
818.5,-19.46185,-19.45859,-19.4185,-19.4578,-19.37361
818.6,-19.46734,-19.47224,-19.42174,-19.46258,-19.36878
818.7,-19.46724,-19.46768,-19.43036,-19.46883,-19.36528
818.8,-19.47808,-19.46888,-19.42999,-19.45437,-19.36093
818.9,-19.49556,-19.45558,-19.44225,-19.45084,-19.3504
819,-19.48979,-19.46055,-19.45687,-19.42548,-19.36163
819.1,-19.49997,-19.44648,-19.46205,-19.43338,-19.35153
819.2,-19.51242,-19.46602,-19.44305,-19.43634,-19.33718
819.3,-19.54981,-19.47628,-19.44975,-19.44794,-19.33282
819.4,-19.55028,-19.4743,-19.46079,-19.46133,-19.34135
819.5,-19.5551,-19.4609,-19.45155,-19.44379,-19.32732
819.6,-19.51993,-19.46278,-19.45704,-19.42749,-19.30013
819.7,-19.51696,-19.4534,-19.43391,-19.43069,-19.3167
819.8,-19.53083,-19.44341,-19.42075,-19.40438,-19.33731
819.9,-19.54958,-19.45409,-19.41859,-19.39216,-19.33804
820,-19.57372,-19.45835,-19.44242,-19.37855,-19.32955
820.1,-19.55724,-19.46877,-19.45589,-19.3853,-19.33098
820.2,-19.57408,-19.45797,-19.44287,-19.35791,-19.32623
820.3,-19.57221,-19.44082,-19.43844,-19.34397,-19.34846
820.4,-19.57447,-19.43377,-19.426,-19.34165,-19.36489
820.5,-19.58806,-19.43668,-19.44777,-19.3296,-19.3449
820.6,-19.58357,-19.43334,-19.44758,-19.33334,-19.33455
820.7,-19.58476,-19.41534,-19.4421,-19.33105,-19.34389
820.8,-19.57688,-19.40175,-19.43741,-19.3435,-19.34966
820.9,-19.57727,-19.38615,-19.41609,-19.35225,-19.3504
821,-19.56124,-19.40103,-19.42366,-19.34959,-19.34485
821.1,-19.57421,-19.4268,-19.43634,-19.35536,-19.35689
821.2,-19.59133,-19.40895,-19.4478,-19.35757,-19.3698
821.3,-19.56541,-19.41303,-19.44185,-19.34811,-19.36717
821.4,-19.55928,-19.40678,-19.43485,-19.3558,-19.34608
821.5,-19.56338,-19.43096,-19.44838,-19.36915,-19.36199
821.6,-19.57836,-19.42761,-19.44074,-19.39241,-19.36897
821.7,-19.554,-19.4355,-19.41615,-19.40373,-19.38024
821.8,-19.54113,-19.41505,-19.4247,-19.39616,-19.39137
821.9,-19.547,-19.39842,-19.43726,-19.39711,-19.3623
822,-19.56934,-19.39674,-19.43277,-19.38004,-19.34598
822.1,-19.55355,-19.38559,-19.42129,-19.36651,-19.34017
822.2,-19.55249,-19.3871,-19.4143,-19.36861,-19.32083
822.3,-19.55842,-19.38677,-19.43452,-19.36872,-19.31446
822.4,-19.55117,-19.39013,-19.40983,-19.37395,-19.3288
822.5,-19.56461,-19.3796,-19.41048,-19.37746,-19.33332
822.6,-19.57562,-19.38012,-19.42462,-19.36729,-19.33939
822.7,-19.56694,-19.38145,-19.42477,-19.3488,-19.33309
822.8,-19.56478,-19.40731,-19.4303,-19.35618,-19.34761
822.9,-19.5681,-19.37734,-19.44597,-19.34136,-19.32857
823,-19.56522,-19.37515,-19.42865,-19.33993,-19.31613
823.1,-19.53369,-19.36443,-19.42335,-19.32119,-19.30231
823.2,-19.52337,-19.34575,-19.40846,-19.30188,-19.28254
823.3,-19.51306,-19.33745,-19.41413,-19.30799,-19.28354
823.4,-19.50097,-19.32054,-19.41005,-19.3049,-19.2898
823.5,-19.51234,-19.32711,-19.39899,-19.28518,-19.28558
823.6,-19.50925,-19.33188,-19.40124,-19.29122,-19.26919
823.7,-19.50424,-19.34333,-19.41444,-19.29346,-19.28902
823.8,-19.50733,-19.34669,-19.41273,-19.31054,-19.28985
823.9,-19.50929,-19.37115,-19.39984,-19.31116,-19.28731
824,-19.50968,-19.38041,-19.39572,-19.30477,-19.29849
824.1,-19.49854,-19.38014,-19.40339,-19.33278,-19.29914
824.2,-19.50414,-19.37757,-19.42182,-19.35702,-19.30577
824.3,-19.52293,-19.37306,-19.41503,-19.36727,-19.30445
824.4,-19.50723,-19.37175,-19.41777,-19.3598,-19.30102
824.5,-19.48958,-19.36062,-19.41718,-19.34411,-19.29166
824.6,-19.49795,-19.35777,-19.41823,-19.33629,-19.29164
824.7,-19.50221,-19.35521,-19.41871,-19.33652,-19.29493
824.8,-19.48928,-19.38303,-19.42679,-19.3436,-19.2825
824.9,-19.48588,-19.38654,-19.4107,-19.35035,-19.29575
825,-19.45315,-19.38324,-19.44087,-19.34528,-19.30257
825.1,-19.45838,-19.34555,-19.44674,-19.32735,-19.28698
825.2,-19.4558,-19.35495,-19.46129,-19.30844,-19.28435
825.3,-19.43472,-19.36349,-19.48069,-19.31414,-19.28111
825.4,-19.44888,-19.36063,-19.47872,-19.31567,-19.26929
825.5,-19.47582,-19.37577,-19.47801,-19.30932,-19.28467
825.6,-19.471,-19.39464,-19.44869,-19.2995,-19.30372
825.7,-19.46684,-19.41632,-19.45003,-19.31339,-19.29983
825.8,-19.48313,-19.40034,-19.43435,-19.33254,-19.30877
825.9,-19.48692,-19.39625,-19.42349,-19.3435,-19.31402
826,-19.45889,-19.39173,-19.42351,-19.3491,-19.32367
826.1,-19.45544,-19.40521,-19.41815,-19.35563,-19.31666
826.2,-19.46393,-19.41401,-19.41635,-19.34789,-19.30439
826.3,-19.45879,-19.40509,-19.42529,-19.35819,-19.31448
826.4,-19.43842,-19.41271,-19.44262,-19.36098,-19.30741
826.5,-19.4345,-19.41321,-19.41582,-19.36573,-19.30333
826.6,-19.4406,-19.41559,-19.41979,-19.36773,-19.31129
826.7,-19.4447,-19.41251,-19.42554,-19.38972,-19.30152
826.8,-19.45146,-19.40431,-19.43655,-19.39704,-19.28033
826.9,-19.46537,-19.4308,-19.44292,-19.44008,-19.2927
827,-19.45804,-19.40847,-19.4459,-19.43038,-19.30101
827.1,-19.45797,-19.41549,-19.44694,-19.44043,-19.31093
827.2,-19.46391,-19.39929,-19.47385,-19.45198,-19.32582
827.3,-19.46325,-19.39846,-19.48479,-19.43185,-19.32878
827.4,-19.46383,-19.39873,-19.48386,-19.43683,-19.30741
827.5,-19.47622,-19.40268,-19.48408,-19.42934,-19.32246
827.6,-19.4843,-19.38281,-19.50218,-19.43479,-19.31005
827.7,-19.44866,-19.40074,-19.50303,-19.40026,-19.30958
827.8,-19.46087,-19.4204,-19.49965,-19.39253,-19.3029
827.9,-19.44075,-19.4243,-19.50113,-19.38739,-19.29787
828,-19.43787,-19.43001,-19.52156,-19.38966,-19.32997
828.1,-19.45292,-19.39752,-19.53273,-19.37714,-19.32441
828.2,-19.46789,-19.39052,-19.5305,-19.374,-19.29041
828.3,-19.48167,-19.40168,-19.54548,-19.39427,-19.27725
828.4,-19.47872,-19.40432,-19.53476,-19.3806,-19.2591
828.5,-19.48457,-19.41129,-19.51609,-19.37367,-19.22853
828.6,-19.495,-19.42022,-19.50103,-19.36122,-19.20487
828.7,-19.49924,-19.43556,-19.50932,-19.34125,-19.2954
828.8,-19.51222,-19.43831,-19.49336,-19.35466,-19.30291
828.9,-19.48652,-19.42334,-19.50729,-19.3612,-19.29784
829,-19.47687,-19.44133,-19.52414,-19.3717,-19.29079
829.1,-19.46855,-19.42197,-19.51364,-19.38146,-19.29452
829.2,-19.45794,-19.41564,-19.52598,-19.40635,-19.32688
829.3,-19.44238,-19.42453,-19.50565,-19.40538,-19.34431
829.4,-19.44019,-19.40199,-19.51796,-19.4145,-19.34513
829.5,-19.44014,-19.39808,-19.4862,-19.41686,-19.35362
829.6,-19.44995,-19.39347,-19.48014,-19.39861,-19.35058
829.7,-19.45498,-19.39958,-19.46576,-19.36784,-19.35164
829.8,-19.46699,-19.37174,-19.45259,-19.37733,-19.3441
829.9,-19.47091,-19.36853,-19.44152,-19.3953,-19.36528
830,-19.48315,-19.37413,-19.44591,-19.40022,-19.34618
830.1,-19.493,-19.37535,-19.44606,-19.39627,-19.36128
830.2,-19.49964,-19.37675,-19.45606,-19.38052,-19.35362
830.3,-19.50728,-19.39246,-19.47073,-19.39087,-19.38104
830.4,-19.50815,-19.40539,-19.46505,-19.39004,-19.36859
830.5,-19.48352,-19.40459,-19.46412,-19.37705,-19.37648
830.6,-19.45858,-19.38732,-19.46386,-19.37609,-19.37542
830.7,-19.47134,-19.37008,-19.46114,-19.3565,-19.38542
830.8,-19.49063,-19.37246,-19.45914,-19.35737,-19.38657
830.9,-19.48713,-19.35778,-19.45936,-19.37546,-19.38477
831,-19.49159,-19.37366,-19.43151,-19.38886,-19.40567
831.1,-19.48353,-19.38745,-19.44406,-19.40235,-19.42215
831.2,-19.47126,-19.37237,-19.43501,-19.41381,-19.40553
831.3,-19.47876,-19.3758,-19.40645,-19.41754,-19.41062
831.4,-19.46237,-19.37044,-19.40802,-19.43181,-19.39922
831.5,-19.44398,-19.35235,-19.41036,-19.43169,-19.41583
831.6,-19.46113,-19.36164,-19.41144,-19.43166,-19.39001
831.7,-19.46332,-19.32572,-19.4135,-19.43384,-19.36972
831.8,-19.4467,-19.3444,-19.39875,-19.42236,-19.38162
831.9,-19.45017,-19.33776,-19.39775,-19.41498,-19.40189
832,-19.43064,-19.31857,-19.38536,-19.4197,-19.41171
832.1,-19.40018,-19.29397,-19.39522,-19.41396,-19.41083
832.2,-19.38699,-19.31712,-19.41074,-19.39734,-19.42858
832.3,-19.4203,-19.34055,-19.40974,-19.40726,-19.43462
832.4,-19.43889,-19.35397,-19.429,-19.41673,-19.41436
832.5,-19.45638,-19.34899,-19.42066,-19.43262,-19.40737
832.6,-19.45411,-19.34905,-19.41911,-19.43264,-19.41354
832.7,-19.44734,-19.37477,-19.42383,-19.43974,-19.42463
832.8,-19.44862,-19.35826,-19.41534,-19.44375,-19.4229
832.9,-19.47147,-19.36758,-19.41052,-19.44898,-19.41746
833,-19.49586,-19.3641,-19.40077,-19.43826,-19.3992
833.1,-19.49991,-19.36779,-19.40614,-19.43999,-19.38031
833.2,-19.50187,-19.35996,-19.41042,-19.42922,-19.37976
833.3,-19.48763,-19.35365,-19.39871,-19.43034,-19.3679
833.4,-19.52974,-19.35651,-19.38313,-19.43093,-19.4735
833.5,-19.53374,-19.36721,-19.40062,-19.42139,-19.46513
833.6,-19.53517,-19.38821,-19.39189,-19.4446,-19.48558
833.7,-19.57267,-19.37301,-19.38753,-19.42055,-19.4794
833.8,-19.54101,-19.38958,-19.37825,-19.42295,-19.47052
833.9,-19.541,-19.41258,-19.38233,-19.42832,-19.46731
834,-19.55075,-19.41113,-19.3768,-19.43616,-19.46388
834.1,-19.54269,-19.42659,-19.39817,-19.44727,-19.44958
834.2,-19.52746,-19.43033,-19.40843,-19.45708,-19.45719
834.3,-19.50848,-19.42889,-19.41644,-19.4439,-19.43965
834.4,-19.52964,-19.42177,-19.4018,-19.42349,-19.43017
834.5,-19.51835,-19.44478,-19.40435,-19.39981,-19.44713
834.6,-19.52068,-19.44615,-19.41521,-19.38148,-19.44561
834.7,-19.51141,-19.45425,-19.42042,-19.38515,-19.46754
834.8,-19.51908,-19.43534,-19.43255,-19.40122,-19.47352
834.9,-19.51402,-19.41242,-19.42693,-19.37856,-19.47018
835,-19.52163,-19.40974,-19.43109,-19.3658,-19.46768
835.1,-19.52611,-19.39733,-19.44717,-19.36466,-19.48133
835.2,-19.53022,-19.38047,-19.42475,-19.35481,-19.46485
835.3,-19.53467,-19.34857,-19.42161,-19.33358,-19.4815
835.4,-19.51155,-19.35248,-19.43036,-19.32405,-19.509
835.5,-19.48395,-19.34557,-19.44377,-19.31736,-19.53286
835.6,-19.47668,-19.36018,-19.44363,-19.31563,-19.53515
835.7,-19.48298,-19.35383,-19.40784,-19.30542,-19.54142
835.8,-19.48,-19.34739,-19.40374,-19.28775,-19.52897
835.9,-19.50422,-19.37226,-19.4079,-19.29198,-19.52045
836,-19.49624,-19.38274,-19.41428,-19.30769,-19.49872
836.1,-19.48639,-19.38675,-19.41758,-19.32276,-19.50024
836.2,-19.47369,-19.36003,-19.42466,-19.32737,-19.52274
836.3,-19.48762,-19.35154,-19.41074,-19.31177,-19.51806
836.4,-19.47287,-19.3601,-19.40346,-19.32173,-19.50921
836.5,-19.47646,-19.36683,-19.40276,-19.2944,-19.49169
836.6,-19.47846,-19.36396,-19.42289,-19.29171,-19.47979
836.7,-19.48934,-19.3242,-19.42822,-19.3105,-19.50481
836.8,-19.48359,-19.32875,-19.40015,-19.30597,-19.50679
836.9,-19.49664,-19.3442,-19.40464,-19.29452,-19.49545
837,-19.51405,-19.35339,-19.39758,-19.28422,-19.49472
837.1,-19.52102,-19.34792,-19.38884,-19.2804,-19.45777
837.2,-19.54407,-19.37245,-19.38981,-19.28947,-19.46524
837.3,-19.537,-19.39401,-19.38983,-19.29444,-19.44881
837.4,-19.54844,-19.38092,-19.39161,-19.30497,-19.47838
837.5,-19.54711,-19.35394,-19.42548,-19.31274,-19.47064
837.6,-19.52014,-19.3538,-19.4257,-19.35309,-19.45498
837.7,-19.51476,-19.37024,-19.41443,-19.33881,-19.44626
837.8,-19.49947,-19.39168,-19.42843,-19.3372,-19.46145
837.9,-19.49651,-19.37362,-19.43267,-19.32652,-19.47327
838,-19.51539,-19.37716,-19.41871,-19.29336,-19.47209
838.1,-19.53739,-19.38032,-19.4282,-19.29745,-19.4667
838.2,-19.54119,-19.38783,-19.41244,-19.29677,-19.45391
838.3,-19.53489,-19.3671,-19.43149,-19.27584,-19.47098
838.4,-19.54924,-19.37454,-19.43518,-19.2735,-19.4649
838.5,-19.54944,-19.38428,-19.42992,-19.29028,-19.47124
838.6,-19.55644,-19.36883,-19.39019,-19.2726,-19.4614
838.7,-19.57312,-19.37823,-19.39178,-19.24712,-19.44391
838.8,-19.56555,-19.39082,-19.39718,-19.22978,-19.42734
838.9,-19.54686,-19.40701,-19.39586,-19.2159,-19.42568
839,-19.5445,-19.40064,-19.39942,-19.23713,-19.41987
839.1,-19.5311,-19.40075,-19.3916,-19.24715,-19.42557
839.2,-19.52093,-19.39685,-19.38204,-19.25526,-19.43892
839.3,-19.54636,-19.38326,-19.38414,-19.27692,-19.43014
839.4,-19.51174,-19.38167,-19.39215,-19.26889,-19.43139
839.5,-19.51448,-19.37565,-19.39598,-19.28646,-19.40863
839.6,-19.51348,-19.35786,-19.3629,-19.27516,-19.38983
839.7,-19.51136,-19.35895,-19.3697,-19.29001,-19.42165
839.8,-19.5293,-19.34576,-19.38566,-19.3043,-19.4316
839.9,-19.53606,-19.35911,-19.38598,-19.33095,-19.41549
840,-19.54485,-19.35368,-19.38448,-19.35065,-19.41294
840.1,-19.53295,-19.34054,-19.37856,-19.36093,-19.41398
840.2,-19.54116,-19.35094,-19.3909,-19.35377,-19.42166
840.3,-19.55507,-19.35504,-19.36217,-19.35663,-19.40188
840.4,-19.53826,-19.37465,-19.36563,-19.34389,-19.40551
840.5,-19.52095,-19.37377,-19.3695,-19.35781,-19.40012
840.6,-19.50117,-19.38258,-19.38433,-19.33433,-19.36473
840.7,-19.50333,-19.38782,-19.3805,-19.34366,-19.36037
840.8,-19.50749,-19.38609,-19.3938,-19.32481,-19.36272
840.9,-19.48509,-19.4195,-19.42589,-19.322,-19.36409
841,-19.50088,-19.43102,-19.40321,-19.34217,-19.36902
841.1,-19.52004,-19.42132,-19.40284,-19.34179,-19.3649
841.2,-19.5256,-19.42759,-19.40265,-19.33328,-19.37519
841.3,-19.51352,-19.42433,-19.40729,-19.32208,-19.39513
841.4,-19.5193,-19.44472,-19.41504,-19.33352,-19.38642
841.5,-19.52239,-19.43511,-19.41769,-19.32731,-19.37267
841.6,-19.50587,-19.44911,-19.41236,-19.33809,-19.38815
841.7,-19.49431,-19.43468,-19.39691,-19.32245,-19.37358
841.8,-19.49618,-19.43505,-19.38338,-19.32825,-19.37422
841.9,-19.50837,-19.43919,-19.37447,-19.34564,-19.37705
842,-19.5011,-19.45211,-19.37055,-19.35586,-19.37621
842.1,-19.49424,-19.43201,-19.3709,-19.34729,-19.35771
842.2,-19.499,-19.43229,-19.37735,-19.31999,-19.37032
842.3,-19.51612,-19.44802,-19.3795,-19.30685,-19.37894
842.4,-19.54092,-19.44196,-19.38653,-19.28876,-19.36988
842.5,-19.5602,-19.48003,-19.39428,-19.30941,-19.37471
842.6,-19.56563,-19.49731,-19.40431,-19.30886,-19.37472
842.7,-19.56442,-19.51109,-19.40551,-19.31126,-19.38745
842.8,-19.56107,-19.47345,-19.40948,-19.30122,-19.41382
842.9,-19.57998,-19.47212,-19.4252,-19.29981,-19.38609
843,-19.5705,-19.47472,-19.42785,-19.30215,-19.40351
843.1,-19.57451,-19.46182,-19.42333,-19.28455,-19.38752
843.2,-19.56693,-19.46172,-19.40183,-19.2948,-19.36965
843.3,-19.5574,-19.46446,-19.39199,-19.29694,-19.3714
843.4,-19.544,-19.45796,-19.411,-19.27833,-19.34161
843.5,-19.55155,-19.48099,-19.38753,-19.29696,-19.34623
843.6,-19.53037,-19.476,-19.40258,-19.28373,-19.35582
843.7,-19.53068,-19.4784,-19.39114,-19.29729,-19.33223
843.8,-19.51696,-19.44551,-19.37941,-19.28984,-19.33005
843.9,-19.54123,-19.45609,-19.34672,-19.28735,-19.351
844,-19.53874,-19.45155,-19.35478,-19.27718,-19.35289
844.1,-19.5385,-19.4271,-19.35124,-19.29339,-19.34406
844.2,-19.52997,-19.4467,-19.33387,-19.29465,-19.35694
844.3,-19.54481,-19.46943,-19.30715,-19.27617,-19.36029
844.4,-19.55614,-19.46015,-19.30253,-19.279,-19.36557
844.5,-19.56543,-19.45092,-19.30779,-19.27999,-19.37408
844.6,-19.53996,-19.4217,-19.33429,-19.27905,-19.36081
844.7,-19.52214,-19.42518,-19.34432,-19.27143,-19.35421
844.8,-19.51476,-19.43971,-19.34817,-19.26675,-19.32517
844.9,-19.51864,-19.44271,-19.36466,-19.29027,-19.32685
845,-19.52314,-19.41106,-19.35115,-19.27963,-19.32104
845.1,-19.53835,-19.41314,-19.3553,-19.26742,-19.32798
845.2,-19.52567,-19.4248,-19.3416,-19.26684,-19.33136
845.3,-19.51501,-19.40012,-19.33098,-19.30265,-19.3485
845.4,-19.48604,-19.39025,-19.34026,-19.31129,-19.34153
845.5,-19.48177,-19.37562,-19.34002,-19.30217,-19.35989
845.6,-19.48936,-19.38535,-19.34646,-19.31718,-19.34076
845.7,-19.49529,-19.37285,-19.32965,-19.31882,-19.32324
845.8,-19.49025,-19.3596,-19.32908,-19.31367,-19.30979
845.9,-19.47438,-19.38837,-19.31831,-19.26964,-19.30159
846,-19.47123,-19.40237,-19.33335,-19.26608,-19.31792
846.1,-19.47725,-19.36996,-19.33775,-19.28216,-19.30653
846.2,-19.45428,-19.35638,-19.32857,-19.2729,-19.31406
846.3,-19.44742,-19.33785,-19.33417,-19.29476,-19.32541
846.4,-19.4185,-19.34093,-19.33251,-19.30122,-19.34442
846.5,-19.43528,-19.34595,-19.32194,-19.30165,-19.34473
846.6,-19.44195,-19.34502,-19.3491,-19.29342,-19.33302
846.7,-19.44869,-19.36702,-19.32597,-19.28433,-19.34466
846.8,-19.45065,-19.37496,-19.33494,-19.28923,-19.33887
846.9,-19.45727,-19.38857,-19.32361,-19.29435,-19.3442
847,-19.47034,-19.40237,-19.32252,-19.29037,-19.34261
847.1,-19.47242,-19.38987,-19.32868,-19.27821,-19.35719
847.2,-19.4498,-19.3785,-19.34946,-19.2998,-19.35846
847.3,-19.42889,-19.3629,-19.37621,-19.26002,-19.37135
847.4,-19.43252,-19.36742,-19.354,-19.25756,-19.36301
847.5,-19.41163,-19.35608,-19.3444,-19.25104,-19.39677
847.6,-19.41199,-19.33132,-19.36293,-19.24003,-19.4147
847.7,-19.43144,-19.33991,-19.3386,-19.22701,-19.40948
847.8,-19.42752,-19.33638,-19.33778,-19.21597,-19.38644
847.9,-19.41943,-19.36174,-19.33636,-19.21799,-19.40548
848,-19.43498,-19.34344,-19.32581,-19.20365,-19.37578
848.1,-19.43227,-19.33739,-19.29813,-19.22145,-19.35246
848.2,-19.42835,-19.35928,-19.29135,-19.2319,-19.3289
848.3,-19.42343,-19.34605,-19.26479,-19.22067,-19.32879
848.4,-19.40218,-19.36196,-19.26089,-19.21129,-19.31953
848.5,-19.40563,-19.35946,-19.27006,-19.20683,-19.31741
848.6,-19.40694,-19.35061,-19.26504,-19.21116,-19.32807
848.7,-19.39553,-19.36032,-19.25004,-19.20969,-19.33848
848.8,-19.3878,-19.36865,-19.26007,-19.20536,-19.33369
848.9,-19.40059,-19.35201,-19.24588,-19.20164,-19.33222
849,-19.41437,-19.34785,-19.25942,-19.22049,-19.31768
849.1,-19.42863,-19.37204,-19.25703,-19.19323,-19.33089
849.2,-19.42283,-19.38338,-19.26978,-19.1955,-19.29673
849.3,-19.42624,-19.37687,-19.27263,-19.19679,-19.26978
849.4,-19.43328,-19.36084,-19.28248,-19.19619,-19.26701
849.5,-19.42066,-19.36852,-19.26303,-19.18024,-19.24259
849.6,-19.43848,-19.36782,-19.2657,-19.18711,-19.24718
849.7,-19.41764,-19.37146,-19.27302,-19.18745,-19.26084
849.8,-19.42085,-19.38334,-19.29588,-19.18686,-19.28033
849.9,-19.40644,-19.38705,-19.29471,-19.18122,-19.27029
850,-19.40149,-19.38137,-19.288,-19.20131,-19.26462
850.1,-19.39855,-19.38412,-19.26982,-19.20428,-19.27312
850.2,-19.40385,-19.40351,-19.27426,-19.21398,-19.26328
850.3,-19.43002,-19.41769,-19.27507,-19.2248,-19.26623
850.4,-19.42318,-19.42546,-19.28109,-19.19533,-19.25384
850.5,-19.43622,-19.4247,-19.27056,-19.18973,-19.2635
850.6,-19.44854,-19.42368,-19.28144,-19.17851,-19.25804
850.7,-19.43948,-19.42753,-19.29917,-19.18782,-19.27724
850.8,-19.45758,-19.41828,-19.30908,-19.18072,-19.28936
850.9,-19.43701,-19.43859,-19.30747,-19.19176,-19.28759
851,-19.43666,-19.4241,-19.31913,-19.18497,-19.29553
851.1,-19.45294,-19.43996,-19.31247,-19.16976,-19.31025
851.2,-19.44808,-19.43027,-19.3178,-19.17966,-19.30674
851.3,-19.45454,-19.44509,-19.3231,-19.17839,-19.2949
851.4,-19.44761,-19.42814,-19.30134,-19.17214,-19.29335
851.5,-19.45427,-19.39749,-19.29222,-19.17077,-19.28618
851.6,-19.45065,-19.39423,-19.28562,-19.14387,-19.30534
851.7,-19.4457,-19.40379,-19.29903,-19.15448,-19.31109
851.8,-19.46506,-19.41604,-19.29052,-19.17224,-19.31463
851.9,-19.47158,-19.42637,-19.30725,-19.16652,-19.32695
852,-19.49859,-19.4197,-19.31721,-19.18212,-19.30383
852.1,-19.47073,-19.42434,-19.31441,-19.19719,-19.31621
852.2,-19.46034,-19.4429,-19.34792,-19.19378,-19.32657
852.3,-19.46827,-19.45423,-19.3294,-19.20006,-19.35077
852.4,-19.47111,-19.45882,-19.33353,-19.21288,-19.34035
852.5,-19.44155,-19.44225,-19.30748,-19.21734,-19.34071
852.6,-19.43761,-19.43665,-19.30858,-19.20624,-19.33601
852.7,-19.43584,-19.42954,-19.30552,-19.21194,-19.33451
852.8,-19.4368,-19.45381,-19.30727,-19.21693,-19.34722
852.9,-19.42598,-19.462,-19.31405,-19.22882,-19.35534
853,-19.42195,-19.43794,-19.35687,-19.21189,-19.35758
853.1,-19.4429,-19.44492,-19.33532,-19.20934,-19.3579
853.2,-19.43504,-19.4597,-19.33154,-19.20739,-19.34195
853.3,-19.41668,-19.46854,-19.33997,-19.21329,-19.3263
853.4,-19.40762,-19.4615,-19.3409,-19.24872,-19.34376
853.5,-19.4097,-19.44597,-19.35735,-19.23423,-19.35145
853.6,-19.40782,-19.44765,-19.35837,-19.25521,-19.35534
853.7,-19.41364,-19.46968,-19.36038,-19.2529,-19.35461
853.8,-19.4113,-19.47564,-19.34493,-19.24847,-19.36217
853.9,-19.43095,-19.48821,-19.33762,-19.22973,-19.358
854,-19.45227,-19.49592,-19.34793,-19.22207,-19.32725
854.1,-19.47625,-19.49936,-19.35402,-19.23758,-19.32892
854.2,-19.48204,-19.5173,-19.34719,-19.25615,-19.34133
854.3,-19.46803,-19.52728,-19.33781,-19.2831,-19.3497
854.4,-19.46588,-19.54915,-19.32551,-19.29466,-19.35916
854.5,-19.4549,-19.54664,-19.34556,-19.2758,-19.35328
854.6,-19.45738,-19.53786,-19.3313,-19.26313,-19.35
854.7,-19.47648,-19.52577,-19.34515,-19.26127,-19.35219
854.8,-19.47478,-19.53079,-19.32905,-19.23102,-19.38019
854.9,-19.49404,-19.52267,-19.33047,-19.24408,-19.38328
855,-19.49941,-19.52468,-19.33259,-19.25397,-19.37191
855.1,-19.52736,-19.53746,-19.31059,-19.24003,-19.36743
855.2,-19.53051,-19.56211,-19.31033,-19.24785,-19.3587
855.3,-19.53524,-19.55833,-19.31597,-19.25028,-19.35186
855.4,-19.55068,-19.54635,-19.34058,-19.2467,-19.35579
855.5,-19.53623,-19.53733,-19.3362,-19.25331,-19.36181
855.6,-19.53728,-19.53416,-19.31889,-19.27229,-19.35072
855.7,-19.54229,-19.52549,-19.29987,-19.28478,-19.33888
855.8,-19.54555,-19.5217,-19.33251,-19.27723,-19.33704
855.9,-19.53648,-19.51193,-19.35393,-19.25765,-19.34026
856,-19.5409,-19.50498,-19.37145,-19.26255,-19.35418
856.1,-19.55413,-19.5068,-19.37956,-19.26499,-19.34695
856.2,-19.56797,-19.51183,-19.38068,-19.25579,-19.34895
856.3,-19.56,-19.48375,-19.3665,-19.244,-19.35994
856.4,-19.55481,-19.47244,-19.34974,-19.24713,-19.37503
856.5,-19.55532,-19.48427,-19.35189,-19.25378,-19.36877
856.6,-19.55597,-19.48414,-19.34241,-19.251,-19.33884
856.7,-19.55462,-19.48665,-19.35561,-19.24338,-19.3129
856.8,-19.58588,-19.50545,-19.36086,-19.2258,-19.31994
856.9,-19.55949,-19.48496,-19.34777,-19.20755,-19.32242
857,-19.55769,-19.47375,-19.32256,-19.20717,-19.33707
857.1,-19.5599,-19.47825,-19.31026,-19.2095,-19.31889
857.2,-19.5598,-19.47698,-19.31181,-19.19371,-19.31764
857.3,-19.56749,-19.45656,-19.30646,-19.20497,-19.32342
857.4,-19.55961,-19.46064,-19.31641,-19.23384,-19.3353
857.5,-19.55016,-19.47637,-19.30618,-19.2301,-19.34518
857.6,-19.55531,-19.46369,-19.31573,-19.23718,-19.35284
857.7,-19.54996,-19.46834,-19.29938,-19.23802,-19.34337
857.8,-19.55673,-19.48239,-19.2992,-19.2332,-19.36465
857.9,-19.54054,-19.48272,-19.29624,-19.24236,-19.37582
858,-19.5555,-19.48271,-19.29222,-19.26751,-19.36933
858.1,-19.54034,-19.49031,-19.29501,-19.27678,-19.35356
858.2,-19.52448,-19.47413,-19.29153,-19.28087,-19.38151
858.3,-19.51436,-19.46874,-19.28911,-19.29171,-19.38386
858.4,-19.49653,-19.46948,-19.2877,-19.29655,-19.37864
858.5,-19.50987,-19.50053,-19.28761,-19.27451,-19.34531
858.6,-19.51224,-19.50027,-19.27968,-19.29139,-19.36084
858.7,-19.53592,-19.49293,-19.26391,-19.29209,-19.36516
858.8,-19.56449,-19.47898,-19.25925,-19.29643,-19.33867
858.9,-19.57249,-19.47265,-19.25604,-19.29331,-19.33138
859,-19.55811,-19.47816,-19.24589,-19.26729,-19.32479
859.1,-19.56093,-19.47824,-19.25827,-19.25826,-19.33906
859.2,-19.55111,-19.48755,-19.26005,-19.25676,-19.34824
859.3,-19.54794,-19.50147,-19.26786,-19.24508,-19.34599
859.4,-19.5419,-19.54121,-19.26419,-19.23792,-19.34032
859.5,-19.51345,-19.5419,-19.25795,-19.24446,-19.34847
859.6,-19.504,-19.53997,-19.25765,-19.23028,-19.34465
859.7,-19.4976,-19.5322,-19.25514,-19.22006,-19.32147
859.8,-19.50757,-19.53445,-19.2691,-19.23538,-19.33255
859.9,-19.50359,-19.52499,-19.26447,-19.22273,-19.32861
860,-19.4913,-19.52278,-19.27067,-19.35434,-19.34345
860.1,-19.48697,-19.5203,-19.27664,-19.35673,-19.32865
860.2,-19.48447,-19.51992,-19.27627,-19.34927,-19.32111
860.3,-19.47238,-19.53072,-19.25818,-19.36478,-19.32343
860.4,-19.46954,-19.5432,-19.2625,-19.37413,-19.32624
860.5,-19.47786,-19.54941,-19.23688,-19.37293,-19.29933
860.6,-19.48317,-19.55944,-19.22826,-19.38315,-19.30218
860.7,-19.47499,-19.55636,-19.22859,-19.38234,-19.30375
860.8,-19.48716,-19.54146,-19.21361,-19.34125,-19.31034
860.9,-19.48886,-19.52102,-19.20816,-19.33622,-19.29885
861,-19.48726,-19.52562,-19.20589,-19.32464,-19.32695
861.1,-19.47819,-19.50929,-19.20732,-19.31514,-19.3462
861.2,-19.4755,-19.47685,-19.21464,-19.31135,-19.36454
861.3,-19.45994,-19.49038,-19.20822,-19.31314,-19.36378
861.4,-19.44633,-19.49189,-19.222,-19.29752,-19.36377
861.5,-19.44446,-19.50951,-19.23745,-19.31013,-19.35594
861.6,-19.43902,-19.48729,-19.24464,-19.33987,-19.3293
861.7,-19.41819,-19.48408,-19.25098,-19.33763,-19.34612
861.8,-19.41417,-19.50448,-19.24095,-19.33785,-19.32501
861.9,-19.42216,-19.48404,-19.2194,-19.33881,-19.32312
862,-19.43185,-19.48161,-19.20016,-19.33195,-19.32415
862.1,-19.43129,-19.50371,-19.19745,-19.34286,-19.34226
862.2,-19.43822,-19.49931,-19.20066,-19.32574,-19.32293
862.3,-19.42551,-19.50609,-19.19854,-19.29495,-19.29508
862.4,-19.41555,-19.49292,-19.21725,-19.29558,-19.29985
862.5,-19.43271,-19.49435,-19.22233,-19.31413,-19.30921
862.6,-19.42887,-19.4775,-19.2143,-19.29241,-19.30263
862.7,-19.40642,-19.4689,-19.20093,-19.30176,-19.31298
862.8,-19.38418,-19.48694,-19.21004,-19.29941,-19.29399
862.9,-19.37936,-19.47844,-19.21614,-19.30224,-19.28802
863,-19.38871,-19.49025,-19.23178,-19.29324,-19.26522
863.1,-19.40552,-19.47807,-19.21408,-19.2864,-19.24445
863.2,-19.39867,-19.46424,-19.19359,-19.28744,-19.23503
863.3,-19.41389,-19.46284,-19.19583,-19.28609,-19.21799
863.4,-19.43568,-19.45791,-19.1978,-19.27069,-19.2359
863.5,-19.44325,-19.44823,-19.18009,-19.27503,-19.21803
863.6,-19.45738,-19.43904,-19.18903,-19.28087,-19.23105
863.7,-19.46154,-19.42501,-19.19815,-19.26407,-19.22759
863.8,-19.47122,-19.41508,-19.20306,-19.27571,-19.21732
863.9,-19.47202,-19.39093,-19.2161,-19.28059,-19.20696
864,-19.47057,-19.41835,-19.20624,-19.24842,-19.18644
864.1,-19.48255,-19.41472,-19.21386,-19.24022,-19.20929
864.2,-19.47905,-19.44697,-19.20628,-19.24192,-19.23759
864.3,-19.46842,-19.46104,-19.1991,-19.25122,-19.24803
864.4,-19.49173,-19.44824,-19.19887,-19.26292,-19.22913
864.5,-19.48008,-19.42745,-19.17986,-19.28264,-19.22807
864.6,-19.4872,-19.44395,-19.18118,-19.2846,-19.23637
864.7,-19.50572,-19.42604,-19.13521,-19.281,-19.24199
864.8,-19.5156,-19.41833,-19.12313,-19.27549,-19.22742
864.9,-19.51238,-19.42721,-19.12492,-19.26515,-19.23105
865,-19.50702,-19.44145,-19.14873,-19.26014,-19.2372
865.1,-19.51409,-19.43987,-19.1703,-19.23987,-19.23129
865.2,-19.52309,-19.44739,-19.19168,-19.23566,-19.21805
865.3,-19.51826,-19.44837,-19.1776,-19.25741,-19.2184
865.4,-19.51774,-19.45498,-19.1772,-19.24164,-19.21239
865.5,-19.50167,-19.43299,-19.16041,-19.23133,-19.22898
865.6,-19.49667,-19.42778,-19.15292,-19.23211,-19.25598
865.7,-19.46918,-19.43021,-19.15017,-19.24134,-19.27128
865.8,-19.45888,-19.43203,-19.17159,-19.23338,-19.28465
865.9,-19.46798,-19.40127,-19.1777,-19.23959,-19.2977
866,-19.46528,-19.42028,-19.17457,-19.22412,-19.31113
866.1,-19.4596,-19.44124,-19.17509,-19.24295,-19.30806
866.2,-19.46553,-19.46721,-19.18983,-19.22977,-19.32368
866.3,-19.46989,-19.46702,-19.20205,-19.22404,-19.31385
866.4,-19.47952,-19.46989,-19.20312,-19.21659,-19.29057
866.5,-19.43317,-19.47648,-19.21281,-19.21933,-19.28856
866.6,-19.43077,-19.49302,-19.24322,-19.21385,-19.30856
866.7,-19.43893,-19.49628,-19.22938,-19.22138,-19.30606
866.8,-19.44624,-19.47156,-19.21745,-19.20742,-19.29981
866.9,-19.46081,-19.47406,-19.19742,-19.20248,-19.29532
867,-19.45446,-19.4705,-19.19658,-19.2015,-19.27959
867.1,-19.46054,-19.47569,-19.19129,-19.188,-19.27285
867.2,-19.45266,-19.4621,-19.19363,-19.20455,-19.26608
867.3,-19.44746,-19.4754,-19.18102,-19.22391,-19.25458
867.4,-19.43529,-19.4521,-19.16281,-19.23499,-19.23784
867.5,-19.45844,-19.44084,-19.17347,-19.23051,-19.24365
867.6,-19.44287,-19.43572,-19.18016,-19.24164,-19.2496
867.7,-19.45172,-19.42781,-19.16163,-19.21669,-19.25399
867.8,-19.44865,-19.42897,-19.14776,-19.23072,-19.2243
867.9,-19.43638,-19.41923,-19.12435,-19.22163,-19.21923
868,-19.4451,-19.40063,-19.11315,-19.2198,-19.2144
868.1,-19.4687,-19.41469,-19.14544,-19.21812,-19.21415
868.2,-19.46233,-19.39965,-19.14404,-19.20611,-19.22446
868.3,-19.48121,-19.40706,-19.14891,-19.2123,-19.24903
868.4,-19.48714,-19.4373,-19.15568,-19.19301,-19.26069
868.5,-19.47155,-19.44389,-19.14954,-19.19094,-19.24772
868.6,-19.46056,-19.4441,-19.14723,-19.20418,-19.2325
868.7,-19.46471,-19.45818,-19.13031,-19.2069,-19.24756
868.8,-19.46303,-19.49717,-19.14277,-19.2204,-19.25146
868.9,-19.448,-19.48086,-19.14485,-19.21157,-19.23209
869,-19.46431,-19.47096,-19.13077,-19.24604,-19.22925
869.1,-19.45302,-19.45797,-19.13537,-19.27025,-19.2258
869.2,-19.44986,-19.47263,-19.15432,-19.26545,-19.21995
869.3,-19.47945,-19.47331,-19.13694,-19.26301,-19.2168
869.4,-19.49221,-19.46737,-19.14489,-19.26664,-19.20562
869.5,-19.47297,-19.44062,-19.16879,-19.2761,-19.20986
869.6,-19.48126,-19.45487,-19.16859,-19.28191,-19.2266
869.7,-19.47914,-19.4699,-19.17898,-19.29582,-19.21752
869.8,-19.45578,-19.45386,-19.1721,-19.29427,-19.24555
869.9,-19.45427,-19.4638,-19.15895,-19.28802,-19.22033
870,-19.47871,-19.45737,-19.14812,-19.27196,-19.21816
870.1,-19.47873,-19.46048,-19.1652,-19.26692,-19.23422
870.2,-19.46362,-19.4735,-19.16808,-19.28443,-19.21907
870.3,-19.45638,-19.45141,-19.14916,-19.30171,-19.21577
870.4,-19.46389,-19.45398,-19.17746,-19.31548,-19.24296
870.5,-19.44869,-19.46856,-19.20573,-19.30482,-19.23548
870.6,-19.43978,-19.46391,-19.23113,-19.3136,-19.23171
870.7,-19.42494,-19.43386,-19.24188,-19.32427,-19.23891
870.8,-19.42294,-19.41329,-19.22494,-19.31843,-19.23892
870.9,-19.41473,-19.41348,-19.22371,-19.31697,-19.2553
871,-19.41083,-19.4153,-19.22862,-19.30245,-19.26591
871.1,-19.42931,-19.38163,-19.22866,-19.3108,-19.25148
871.2,-19.40537,-19.38669,-19.23626,-19.29589,-19.25408
871.3,-19.40788,-19.38725,-19.20482,-19.29933,-19.26454
871.4,-19.41114,-19.38789,-19.22457,-19.29214,-19.2673
871.5,-19.42544,-19.39006,-19.24058,-19.30829,-19.25449
871.6,-19.41795,-19.39755,-19.24716,-19.32748,-19.26215
871.7,-19.39349,-19.39102,-19.25172,-19.34496,-19.278
871.8,-19.39648,-19.39206,-19.25167,-19.33692,-19.26661
871.9,-19.40428,-19.38678,-19.24531,-19.33258,-19.22374
872,-19.39579,-19.3782,-19.25523,-19.32216,-19.23247
872.1,-19.36904,-19.37204,-19.2564,-19.33325,-19.22005
872.2,-19.34676,-19.37606,-19.26387,-19.30187,-19.17783
872.3,-19.35194,-19.38833,-19.28671,-19.30091,-19.17746
872.4,-19.36396,-19.41398,-19.29625,-19.33263,-19.19447
872.5,-19.36666,-19.42691,-19.30057,-19.32935,-19.20636
872.6,-19.36079,-19.40934,-19.29869,-19.32137,-19.20938
872.7,-19.37089,-19.4025,-19.3134,-19.28967,-19.2097
872.8,-19.38605,-19.39704,-19.29184,-19.28495,-19.20662
872.9,-19.38218,-19.39117,-19.3095,-19.27877,-19.22149
873,-19.3812,-19.41049,-19.32097,-19.27917,-19.21974
873.1,-19.37846,-19.44195,-19.32181,-19.24679,-19.23587
873.2,-19.37891,-19.45325,-19.30093,-19.24345,-19.25743
873.3,-19.37846,-19.44409,-19.31055,-19.25266,-19.27184
873.4,-19.37112,-19.44217,-19.31044,-19.24551,-19.26332
873.5,-19.37208,-19.45505,-19.3178,-19.24659,-19.27135
873.6,-19.35273,-19.45644,-19.31853,-19.24943,-19.2688
873.7,-19.35933,-19.44657,-19.33323,-19.22757,-19.2701
873.8,-19.34677,-19.44184,-19.34189,-19.24156,-19.26972
873.9,-19.34813,-19.45237,-19.34066,-19.23938,-19.26805
874,-19.36008,-19.46039,-19.31907,-19.22103,-19.26247
874.1,-19.371,-19.46452,-19.3275,-19.23095,-19.2677
874.2,-19.3434,-19.4744,-19.33655,-19.21885,-19.26435
874.3,-19.331,-19.47701,-19.337,-19.30664,-19.2529
874.4,-19.33848,-19.48164,-19.33469,-19.32284,-19.28292
874.5,-19.33665,-19.45445,-19.32333,-19.33067,-19.27336
874.6,-19.32968,-19.45021,-19.32896,-19.32738,-19.26291
874.7,-19.33135,-19.4538,-19.35385,-19.3076,-19.2604
874.8,-19.31911,-19.45972,-19.33724,-19.31475,-19.25035
874.9,-19.33454,-19.46635,-19.35254,-19.3023,-19.25786
875,-19.33341,-19.44249,-19.34638,-19.30566,-19.26082
875.1,-19.3218,-19.4172,-19.3241,-19.2969,-19.2646
875.2,-19.31617,-19.41076,-19.32242,-19.29333,-19.25111
875.3,-19.32705,-19.4051,-19.3065,-19.29924,-19.27894
875.4,-19.3293,-19.39578,-19.31556,-19.31495,-19.29154
875.5,-19.33244,-19.39062,-19.31806,-19.31572,-19.30585
875.6,-19.31293,-19.37029,-19.30128,-19.30658,-19.30143
875.7,-19.31618,-19.37172,-19.32489,-19.28887,-19.2995
875.8,-19.33256,-19.36053,-19.30913,-19.29475,-19.30012
875.9,-19.32529,-19.35863,-19.30152,-19.29844,-19.28983
876,-19.30855,-19.33948,-19.29439,-19.27915,-19.28464
876.1,-19.31531,-19.34078,-19.29565,-19.28242,-19.27994
876.2,-19.31982,-19.34291,-19.28975,-19.28402,-19.28393
876.3,-19.33168,-19.33894,-19.27807,-19.26515,-19.27058
876.4,-19.33129,-19.36833,-19.2758,-19.26449,-19.3013
876.5,-19.32131,-19.34674,-19.29224,-19.2483,-19.305
876.6,-19.32948,-19.3524,-19.29217,-19.24348,-19.29351
876.7,-19.33623,-19.3703,-19.29408,-19.25991,-19.27382
876.8,-19.33588,-19.35164,-19.26805,-19.27329,-19.2749
876.9,-19.35034,-19.35765,-19.26124,-19.26495,-19.27742
877,-19.342,-19.33685,-19.28846,-19.25526,-19.28877
877.1,-19.34837,-19.33605,-19.28238,-19.27255,-19.288
877.2,-19.35152,-19.34177,-19.27784,-19.30158,-19.29652
877.3,-19.35409,-19.34997,-19.30522,-19.27555,-19.26151
877.4,-19.34461,-19.33124,-19.29228,-19.30266,-19.25676
877.5,-19.36477,-19.33166,-19.2887,-19.32572,-19.26277
877.6,-19.35658,-19.32572,-19.28101,-19.31288,-19.27438
877.7,-19.35513,-19.31853,-19.29243,-19.30804,-19.27173
877.8,-19.33893,-19.3079,-19.26692,-19.31246,-19.28385
877.9,-19.35325,-19.30834,-19.25725,-19.31562,-19.29732
878,-19.37659,-19.29695,-19.24712,-19.31872,-19.31066
878.1,-19.36889,-19.29474,-19.21802,-19.301,-19.2864
878.2,-19.36352,-19.30661,-19.22247,-19.30198,-19.27715
878.3,-19.38288,-19.28284,-19.22593,-19.29529,-19.27883
878.4,-19.39357,-19.28209,-19.23742,-19.32341,-19.28232
878.5,-19.42975,-19.27026,-19.22852,-19.29993,-19.27585
878.6,-19.45623,-19.27113,-19.21829,-19.29217,-19.26432
878.7,-19.45762,-19.28151,-19.20877,-19.28816,-19.2479
878.8,-19.43789,-19.27559,-19.21863,-19.28108,-19.26187
878.9,-19.45262,-19.25873,-19.22048,-19.28616,-19.23293
879,-19.44557,-19.2425,-19.20683,-19.29545,-19.24237
879.1,-19.42347,-19.2412,-19.2109,-19.31233,-19.24786
879.2,-19.41518,-19.24137,-19.21923,-19.31713,-19.25062
879.3,-19.41431,-19.22842,-19.21417,-19.32594,-19.24019
879.4,-19.39337,-19.23809,-19.21994,-19.33537,-19.23533
879.5,-19.39779,-19.23696,-19.22781,-19.32331,-19.2178
879.6,-19.383,-19.23176,-19.22308,-19.34533,-19.24939
879.7,-19.38075,-19.24602,-19.21396,-19.35598,-19.23514
879.8,-19.3961,-19.24157,-19.20658,-19.34335,-19.23109
879.9,-19.3711,-19.22895,-19.17839,-19.34983,-19.21631
880,-19.35306,-19.22952,-19.18517,-19.34994,-19.2029
880.1,-19.35666,-19.23402,-19.1638,-19.37582,-19.19503
880.2,-19.35831,-19.21921,-19.16293,-19.39048,-19.19992
880.3,-19.3598,-19.2129,-19.1556,-19.35171,-19.20173
880.4,-19.34573,-19.2167,-19.18129,-19.31731,-19.21707
880.5,-19.37015,-19.21654,-19.16534,-19.29581,-19.20708
880.6,-19.37493,-19.23413,-19.17011,-19.31013,-19.22826
880.7,-19.3536,-19.23669,-19.17741,-19.32411,-19.23359
880.8,-19.359,-19.24076,-19.19786,-19.32032,-19.24519
880.9,-19.34896,-19.24205,-19.20912,-19.33601,-19.24513
881,-19.3509,-19.2536,-19.20502,-19.3319,-19.22199
881.1,-19.36047,-19.24305,-19.1838,-19.35623,-19.23995
881.2,-19.34415,-19.24077,-19.14595,-19.36591,-19.24356
881.3,-19.32418,-19.24593,-19.13436,-19.36531,-19.23366
881.4,-19.29808,-19.27047,-19.15514,-19.37427,-19.25901
881.5,-19.29482,-19.26805,-19.13958,-19.3738,-19.26195
881.6,-19.3121,-19.27839,-19.13114,-19.38074,-19.24537
881.7,-19.30264,-19.27887,-19.13715,-19.37677,-19.25159
881.8,-19.29375,-19.2423,-19.16413,-19.39834,-19.27332
881.9,-19.30099,-19.26861,-19.15748,-19.42017,-19.30438
882,-19.30051,-19.24648,-19.13484,-19.41624,-19.3392
882.1,-19.28694,-19.23874,-19.13817,-19.3945,-19.31645
882.2,-19.29722,-19.2383,-19.14242,-19.39888,-19.30369
882.3,-19.27614,-19.25335,-19.14245,-19.39002,-19.28959
882.4,-19.27647,-19.24358,-19.12562,-19.391,-19.27758
882.5,-19.25358,-19.25092,-19.10082,-19.41723,-19.26219
882.6,-19.24329,-19.2568,-19.1192,-19.41173,-19.26804
882.7,-19.25097,-19.25234,-19.12187,-19.39079,-19.28009
882.8,-19.2386,-19.27203,-19.10681,-19.36085,-19.25765
882.9,-19.24847,-19.27872,-19.1354,-19.33343,-19.25484
883,-19.24431,-19.28609,-19.09458,-19.33033,-19.26094
883.1,-19.24064,-19.26853,-19.11689,-19.32742,-19.27188
883.2,-19.25495,-19.29354,-19.1185,-19.31165,-19.29208
883.3,-19.25591,-19.29141,-19.13242,-19.31038,-19.29558
883.4,-19.23809,-19.28861,-19.14309,-19.32596,-19.29175
883.5,-19.2513,-19.28186,-19.1484,-19.32324,-19.29442
883.6,-19.25667,-19.2888,-19.13659,-19.32627,-19.28783
883.7,-19.26109,-19.29636,-19.14494,-19.33333,-19.32144
883.8,-19.25397,-19.28325,-19.1608,-19.3325,-19.33127
883.9,-19.24238,-19.28668,-19.17174,-19.3322,-19.34188
884,-19.23263,-19.30387,-19.17979,-19.30738,-19.36125
884.1,-19.22305,-19.30705,-19.20255,-19.30547,-19.37665
884.2,-19.22069,-19.31041,-19.17049,-19.31738,-19.3653
884.3,-19.2222,-19.31607,-19.16828,-19.31178,-19.35189
884.4,-19.22316,-19.31867,-19.18342,-19.31983,-19.34113
884.5,-19.22171,-19.31643,-19.1814,-19.32869,-19.36126
884.6,-19.22527,-19.32421,-19.19084,-19.32924,-19.36181
884.7,-19.22324,-19.31425,-19.20684,-19.32331,-19.36592
884.8,-19.24813,-19.29562,-19.22835,-19.33409,-19.37346
884.9,-19.27323,-19.28085,-19.24005,-19.32198,-19.37321
885,-19.27753,-19.26107,-19.22948,-19.33101,-19.3687
885.1,-19.28332,-19.261,-19.23928,-19.3244,-19.38575
885.2,-19.29466,-19.26342,-19.213,-19.34102,-19.37424
885.3,-19.28893,-19.23454,-19.17703,-19.3123,-19.38416
885.4,-19.29559,-19.23237,-19.20147,-19.3165,-19.35875
885.5,-19.29782,-19.24943,-19.16538,-19.30056,-19.36842
885.6,-19.29037,-19.25179,-19.18427,-19.31059,-19.34582
885.7,-19.2741,-19.27383,-19.19132,-19.32348,-19.36821
885.8,-19.28282,-19.24875,-19.20855,-19.31179,-19.37243
885.9,-19.24929,-19.25808,-19.23874,-19.31174,-19.38134
886,-19.24343,-19.26228,-19.21299,-19.29939,-19.38195
886.1,-19.2397,-19.25997,-19.21797,-19.30851,-19.37235
886.2,-19.23601,-19.20141,-19.22756,-19.31647,-19.39754
886.3,-19.21898,-19.20093,-19.22671,-19.30822,-19.39969
886.4,-19.23065,-19.19859,-19.21873,-19.30202,-19.39312
886.5,-19.24007,-19.18374,-19.22031,-19.29632,-19.39854
886.6,-19.22743,-19.16661,-19.23127,-19.29863,-19.39715
886.7,-19.22715,-19.16269,-19.23754,-19.30275,-19.38373
886.8,-19.23195,-19.1578,-19.22556,-19.31841,-19.40904
886.9,-19.23295,-19.18239,-19.22577,-19.30829,-19.398
887,-19.20249,-19.17419,-19.21617,-19.32667,-19.4136
887.1,-19.20212,-19.15526,-19.22528,-19.34158,-19.40956
887.2,-19.19954,-19.16583,-19.2285,-19.34675,-19.40636
887.3,-19.18845,-19.19376,-19.22637,-19.33233,-19.42272
887.4,-19.19202,-19.19948,-19.22007,-19.32421,-19.41235
887.5,-19.2317,-19.20742,-19.20549,-19.32088,-19.40384
887.6,-19.23053,-19.22752,-19.2031,-19.32956,-19.41161
887.7,-19.23682,-19.22737,-19.19541,-19.31027,-19.40983
887.8,-19.26076,-19.2314,-19.18874,-19.30914,-19.42062
887.9,-19.28167,-19.22302,-19.19118,-19.31365,-19.42411
888,-19.29611,-19.19477,-19.17165,-19.33695,-19.41585
888.1,-19.3072,-19.20722,-19.17946,-19.34407,-19.42528
888.2,-19.31399,-19.20203,-19.16845,-19.34619,-19.43413
888.3,-19.31665,-19.19766,-19.16605,-19.34375,-19.44644
888.4,-19.31927,-19.20664,-19.17657,-19.33557,-19.45837
888.5,-19.3203,-19.21918,-19.17775,-19.32615,-19.45799
888.6,-19.31898,-19.21857,-19.18989,-19.32807,-19.46691
888.7,-19.3131,-19.21163,-19.17927,-19.3233,-19.45289
888.8,-19.31277,-19.22854,-19.20296,-19.32781,-19.45059
888.9,-19.30281,-19.24491,-19.21224,-19.31485,-19.44108
889,-19.30422,-19.22608,-19.2157,-19.31285,-19.44955
889.1,-19.31739,-19.21801,-19.22161,-19.28847,-19.44536
889.2,-19.34711,-19.21356,-19.20127,-19.27343,-19.44774
889.3,-19.35693,-19.22808,-19.21385,-19.28225,-19.43234
889.4,-19.32277,-19.23564,-19.2228,-19.2663,-19.44189
889.5,-19.31934,-19.22639,-19.22671,-19.26319,-19.45158
889.6,-19.31982,-19.22414,-19.21771,-19.2852,-19.4226
889.7,-19.31606,-19.22538,-19.19905,-19.28168,-19.43809
889.8,-19.30251,-19.23496,-19.20732,-19.26356,-19.43261
889.9,-19.29008,-19.23776,-19.19348,-19.28636,-19.4557
890,-19.2952,-19.24913,-19.17589,-19.28023,-19.46322
890.1,-19.31974,-19.23045,-19.15588,-19.30796,-19.47581
890.2,-19.30705,-19.23998,-19.13753,-19.31784,-19.463
890.3,-19.30078,-19.25184,-19.13315,-19.28866,-19.4722
890.4,-19.31584,-19.23593,-19.14141,-19.29523,-19.45297
890.5,-19.30962,-19.25351,-19.14728,-19.27957,-19.45959
890.6,-19.31997,-19.2257,-19.13443,-19.25952,-19.47896
890.7,-19.3078,-19.20623,-19.13666,-19.2575,-19.47981
890.8,-19.30687,-19.23258,-19.15841,-19.25013,-19.46328
890.9,-19.31835,-19.24632,-19.17069,-19.25853,-19.44904
891,-19.32696,-19.23416,-19.15462,-19.26296,-19.43487
891.1,-19.29772,-19.21404,-19.1496,-19.24898,-19.42492
891.2,-19.30236,-19.22459,-19.16337,-19.25393,-19.42431
891.3,-19.30276,-19.22544,-19.19599,-19.24313,-19.43388
891.4,-19.3057,-19.21144,-19.18173,-19.2605,-19.45015
891.5,-19.31407,-19.19875,-19.17501,-19.24205,-19.44153
891.6,-19.31432,-19.19975,-19.20019,-19.23976,-19.4369
891.7,-19.32161,-19.1891,-19.20077,-19.24867,-19.44964
891.8,-19.30042,-19.20113,-19.19535,-19.25459,-19.45845
891.9,-19.31543,-19.19772,-19.21437,-19.25471,-19.44388
892,-19.32243,-19.23316,-19.22812,-19.25647,-19.42014
892.1,-19.32543,-19.21846,-19.25453,-19.28082,-19.40824
892.2,-19.3253,-19.21706,-19.26025,-19.27239,-19.40965
892.3,-19.30236,-19.22141,-19.26505,-19.27063,-19.41993
892.4,-19.29274,-19.21683,-19.24866,-19.265,-19.42725
892.5,-19.28145,-19.21753,-19.26729,-19.27141,-19.42816
892.6,-19.27643,-19.22906,-19.2849,-19.27212,-19.43594
892.7,-19.27056,-19.23163,-19.27649,-19.28313,-19.44223
892.8,-19.2871,-19.22896,-19.29022,-19.27447,-19.45869
892.9,-19.28857,-19.23174,-19.27578,-19.2954,-19.44998
893,-19.2871,-19.24328,-19.27538,-19.28732,-19.43673
893.1,-19.30448,-19.26799,-19.30551,-19.28491,-19.44002
893.2,-19.29612,-19.26057,-19.31213,-19.27303,-19.43153
893.3,-19.29294,-19.28301,-19.33724,-19.24475,-19.42941
893.4,-19.30003,-19.29001,-19.33875,-19.28633,-19.44263
893.5,-19.31741,-19.27807,-19.36297,-19.28932,-19.4374
893.6,-19.31588,-19.26877,-19.36288,-19.2835,-19.41692
893.7,-19.32843,-19.26284,-19.35701,-19.28192,-19.39126
893.8,-19.29922,-19.26219,-19.32579,-19.30159,-19.37301
893.9,-19.2852,-19.26416,-19.35147,-19.29553,-19.37733
894,-19.28698,-19.2795,-19.36164,-19.28504,-19.37483
894.1,-19.29968,-19.27571,-19.39287,-19.30634,-19.37221
894.2,-19.27132,-19.28262,-19.38457,-19.2973,-19.36035
894.3,-19.25432,-19.29673,-19.3743,-19.27928,-19.37036
894.4,-19.25144,-19.30139,-19.38905,-19.2801,-19.35942
894.5,-19.25285,-19.30932,-19.40152,-19.27823,-19.35687
894.6,-19.26955,-19.33512,-19.42099,-19.27964,-19.35211
894.7,-19.26205,-19.32522,-19.43918,-19.27688,-19.35386
894.8,-19.26408,-19.33526,-19.45134,-19.30623,-19.36934
894.9,-19.23485,-19.33809,-19.4476,-19.31801,-19.38257
895,-19.23821,-19.33268,-19.41244,-19.33709,-19.39546
895.1,-19.25179,-19.31674,-19.41928,-19.35334,-19.39214
895.2,-19.22686,-19.32154,-19.431,-19.35838,-19.40338
895.3,-19.22705,-19.36628,-19.42148,-19.37004,-19.40344
895.4,-19.21879,-19.39444,-19.41811,-19.38959,-19.41687
895.5,-19.21193,-19.40121,-19.41845,-19.38472,-19.41935
895.6,-19.20653,-19.38851,-19.44118,-19.38479,-19.38613
895.7,-19.20189,-19.37462,-19.43877,-19.363,-19.36232
895.8,-19.19072,-19.34983,-19.44335,-19.35958,-19.36474
895.9,-19.19787,-19.3603,-19.46288,-19.33679,-19.37147
896,-19.20797,-19.33383,-19.4464,-19.34997,-19.36173
896.1,-19.212,-19.31084,-19.45381,-19.34427,-19.35389
896.2,-19.20578,-19.31162,-19.46802,-19.32533,-19.33343
896.3,-19.21136,-19.31072,-19.45966,-19.32871,-19.34708
896.4,-19.19925,-19.31091,-19.43458,-19.34166,-19.33845
896.5,-19.21465,-19.28847,-19.44552,-19.33519,-19.34649
896.6,-19.20769,-19.284,-19.4348,-19.35259,-19.3559
896.7,-19.20908,-19.29562,-19.42676,-19.37449,-19.35762
896.8,-19.22696,-19.2872,-19.43458,-19.34588,-19.35064
896.9,-19.22572,-19.28624,-19.43277,-19.33649,-19.34178
897,-19.217,-19.28606,-19.43222,-19.34082,-19.31346
897.1,-19.22301,-19.28137,-19.4068,-19.34347,-19.32207
897.2,-19.22002,-19.29345,-19.39318,-19.35463,-19.31211
897.3,-19.19913,-19.27965,-19.4145,-19.34381,-19.3326
897.4,-19.2013,-19.2837,-19.42487,-19.37252,-19.32271
897.5,-19.20942,-19.28684,-19.44482,-19.35818,-19.35176
897.6,-19.21549,-19.29475,-19.4361,-19.3464,-19.36881
897.7,-19.24059,-19.28709,-19.43467,-19.34252,-19.35554
897.8,-19.22253,-19.30063,-19.43403,-19.37942,-19.37622
897.9,-19.19396,-19.31217,-19.42864,-19.36119,-19.37303
898,-19.19909,-19.33663,-19.43389,-19.33749,-19.35546
898.1,-19.21233,-19.34175,-19.42708,-19.32747,-19.36464
898.2,-19.20441,-19.34909,-19.41737,-19.31467,-19.37188
898.3,-19.19339,-19.33604,-19.4111,-19.31625,-19.40012
898.4,-19.20847,-19.33863,-19.43647,-19.29978,-19.3909
898.5,-19.20508,-19.32885,-19.43152,-19.28664,-19.38046
898.6,-19.20679,-19.31544,-19.44131,-19.29883,-19.39894
898.7,-19.19927,-19.30266,-19.44493,-19.31168,-19.37667
898.8,-19.21036,-19.32357,-19.41957,-19.30652,-19.37084
898.9,-19.22794,-19.32012,-19.39443,-19.30714,-19.36848
899,-19.23221,-19.30013,-19.38546,-19.3272,-19.38551
899.1,-19.25242,-19.2911,-19.3834,-19.33708,-19.39223
899.2,-19.24558,-19.28825,-19.36081,-19.33941,-19.40103
899.3,-19.23033,-19.29098,-19.36054,-19.34122,-19.39651
899.4,-19.21827,-19.28576,-19.36567,-19.32342,-19.37717
899.5,-19.21504,-19.29985,-19.36058,-19.33064,-19.38133
899.6,-19.20858,-19.30536,-19.39508,-19.32521,-19.37455
899.7,-19.22758,-19.29791,-19.38003,-19.33017,-19.38555
899.8,-19.18156,-19.28235,-19.37659,-19.35064,-19.38754
899.9,-19.20004,-19.28127,-19.38823,-19.35034,-19.38293
900,-19.18229,-19.29,-19.39094,-19.35174,-19.38638
900.1,-19.17442,-19.28478,-19.40681,-19.36735,-19.38147
900.2,-19.17741,-19.31012,-19.40893,-19.37727,-19.39859
900.3,-19.19282,-19.31481,-19.4084,-19.38432,-19.38848
900.4,-19.1994,-19.33228,-19.41597,-19.38036,-19.39162
900.5,-19.22812,-19.31008,-19.41857,-19.3824,-19.39442
900.6,-19.22622,-19.32452,-19.43506,-19.4,-19.38185
900.7,-19.22377,-19.33879,-19.43178,-19.40583,-19.40142
900.8,-19.23861,-19.35488,-19.42122,-19.36549,-19.38258
900.9,-19.21601,-19.35769,-19.42782,-19.38057,-19.38205
901,-19.21881,-19.37558,-19.4345,-19.39187,-19.39539
901.1,-19.21837,-19.3812,-19.43973,-19.39602,-19.37017
901.2,-19.19334,-19.39224,-19.44147,-19.41006,-19.3555
901.3,-19.20001,-19.38548,-19.40659,-19.41436,-19.3642
901.4,-19.20501,-19.38772,-19.4106,-19.40397,-19.35665
901.5,-19.2165,-19.39015,-19.42352,-19.4195,-19.3597
901.6,-19.20613,-19.39335,-19.41545,-19.42014,-19.35034
901.7,-19.20058,-19.38055,-19.42364,-19.40805,-19.352
901.8,-19.22341,-19.38674,-19.42761,-19.41484,-19.3606
901.9,-19.226,-19.38009,-19.40377,-19.427,-19.35774
902,-19.21613,-19.37699,-19.4032,-19.42161,-19.37989
902.1,-19.2122,-19.37827,-19.41054,-19.42283,-19.38853
902.2,-19.19084,-19.3779,-19.40839,-19.40443,-19.37526
902.3,-19.20904,-19.38348,-19.41156,-19.40035,-19.36954
902.4,-19.20542,-19.36919,-19.44044,-19.41884,-19.38773
902.5,-19.19892,-19.38846,-19.42453,-19.42017,-19.36996
902.6,-19.21866,-19.3941,-19.39797,-19.43374,-19.37229
902.7,-19.24338,-19.40034,-19.42829,-19.41999,-19.37111
902.8,-19.19543,-19.39084,-19.43894,-19.43621,-19.35403
902.9,-19.19795,-19.40375,-19.43033,-19.41772,-19.34971
903,-19.20943,-19.4046,-19.40933,-19.42433,-19.34207
903.1,-19.21934,-19.40403,-19.41723,-19.42341,-19.33228
903.2,-19.20801,-19.40253,-19.4237,-19.41142,-19.35412
903.3,-19.2181,-19.39935,-19.4225,-19.42297,-19.34523
903.4,-19.22712,-19.38707,-19.41367,-19.39811,-19.33143
903.5,-19.23008,-19.39162,-19.40004,-19.40648,-19.30937
903.6,-19.22291,-19.39666,-19.41518,-19.40396,-19.29897
903.7,-19.25765,-19.41005,-19.41719,-19.42535,-19.30662
903.8,-19.26796,-19.39915,-19.39729,-19.44492,-19.31743
903.9,-19.2692,-19.38449,-19.39647,-19.43349,-19.31724
904,-19.24705,-19.41031,-19.41354,-19.4374,-19.32905
904.1,-19.24935,-19.40431,-19.41538,-19.43498,-19.32894
904.2,-19.23854,-19.39757,-19.40734,-19.41667,-19.32087
904.3,-19.23201,-19.39975,-19.3908,-19.43595,-19.30781
904.4,-19.23772,-19.38174,-19.38944,-19.42851,-19.29925
904.5,-19.22641,-19.37298,-19.39179,-19.42742,-19.29171
904.6,-19.23142,-19.3929,-19.40815,-19.44493,-19.28977
904.7,-19.2285,-19.37221,-19.42139,-19.43658,-19.29153
904.8,-19.24512,-19.36975,-19.42252,-19.43818,-19.27369
904.9,-19.24441,-19.36271,-19.43525,-19.41695,-19.28966
905,-19.25204,-19.36786,-19.44304,-19.38892,-19.29611
905.1,-19.24687,-19.38358,-19.43945,-19.39208,-19.29808
905.2,-19.25439,-19.38162,-19.44284,-19.40099,-19.29681
905.3,-19.26219,-19.37357,-19.4438,-19.40325,-19.30812
905.4,-19.27169,-19.38863,-19.45353,-19.40324,-19.30694
905.5,-19.26779,-19.37258,-19.45498,-19.41799,-19.31303
905.6,-19.25401,-19.3685,-19.44663,-19.42287,-19.29643
905.7,-19.2469,-19.35646,-19.42878,-19.42616,-19.30307
905.8,-19.24279,-19.35465,-19.42006,-19.43115,-19.28046
905.9,-19.23552,-19.34329,-19.40207,-19.43994,-19.28827
906,-19.25433,-19.35648,-19.40507,-19.44296,-19.3088
906.1,-19.26688,-19.33724,-19.40604,-19.45029,-19.31755
906.2,-19.27759,-19.33507,-19.40284,-19.47985,-19.33021
906.3,-19.28558,-19.33224,-19.40862,-19.45682,-19.33295
906.4,-19.29606,-19.34892,-19.39148,-19.45494,-19.32978
906.5,-19.30622,-19.32695,-19.37869,-19.44955,-19.33114
906.6,-19.2854,-19.32172,-19.38621,-19.46182,-19.30388
906.7,-19.29942,-19.31867,-19.34671,-19.46832,-19.30943
906.8,-19.31571,-19.33624,-19.33637,-19.46812,-19.304
906.9,-19.35286,-19.32325,-19.3533,-19.46549,-19.2879
907,-19.35896,-19.33363,-19.37062,-19.46646,-19.26743
907.1,-19.35421,-19.35028,-19.37836,-19.43629,-19.28125
907.2,-19.35737,-19.34668,-19.38248,-19.43138,-19.2909
907.3,-19.34544,-19.34953,-19.3905,-19.42943,-19.29154
907.4,-19.32794,-19.35576,-19.41581,-19.41544,-19.29998
907.5,-19.33441,-19.34296,-19.40616,-19.40112,-19.29416
907.6,-19.32507,-19.33359,-19.41866,-19.40251,-19.2894
907.7,-19.33732,-19.31632,-19.40648,-19.40338,-19.30323
907.8,-19.33121,-19.30818,-19.40817,-19.37095,-19.30563
907.9,-19.3416,-19.30018,-19.41115,-19.37601,-19.31805
908,-19.35887,-19.31292,-19.41167,-19.36065,-19.29358
908.1,-19.36541,-19.33588,-19.39409,-19.38146,-19.30504
908.2,-19.37955,-19.34214,-19.42064,-19.39022,-19.30735
908.3,-19.38639,-19.33833,-19.43619,-19.39385,-19.30669
908.4,-19.37993,-19.34045,-19.45464,-19.38699,-19.29778
908.5,-19.3783,-19.30885,-19.47672,-19.38021,-19.28568
908.6,-19.36296,-19.30621,-19.45905,-19.39923,-19.28179
908.7,-19.38311,-19.32068,-19.45402,-19.40322,-19.27634
908.8,-19.40013,-19.33117,-19.45042,-19.41783,-19.27772
908.9,-19.38695,-19.30739,-19.44733,-19.42693,-19.29156
909,-19.42159,-19.30462,-19.43453,-19.40348,-19.28834
909.1,-19.42248,-19.29847,-19.42682,-19.40666,-19.28954
909.2,-19.40661,-19.30202,-19.43221,-19.40074,-19.28719
909.3,-19.41431,-19.28841,-19.4165,-19.41724,-19.28307
909.4,-19.42303,-19.27309,-19.40855,-19.39869,-19.2685
909.5,-19.40304,-19.29397,-19.40457,-19.41923,-19.26797
909.6,-19.39675,-19.28727,-19.38821,-19.41899,-19.24713
909.7,-19.40238,-19.29339,-19.37771,-19.41605,-19.26996
909.8,-19.3977,-19.27972,-19.36157,-19.40516,-19.27898
909.9,-19.41844,-19.26797,-19.37213,-19.41266,-19.29944
910,-19.40936,-19.25873,-19.37121,-19.43526,-19.30318
910.1,-19.38545,-19.2523,-19.35031,-19.41685,-19.29122
910.2,-19.34857,-19.26854,-19.36975,-19.40803,-19.28353
910.3,-19.3413,-19.26369,-19.35936,-19.42204,-19.29302
910.4,-19.34457,-19.25952,-19.36629,-19.42842,-19.30516
910.5,-19.35921,-19.26949,-19.37839,-19.41094,-19.29341
910.6,-19.37953,-19.27112,-19.37335,-19.41729,-19.29497
910.7,-19.36681,-19.26839,-19.35908,-19.43075,-19.26521
910.8,-19.36954,-19.28752,-19.33957,-19.4404,-19.25515
910.9,-19.35417,-19.2831,-19.32965,-19.44161,-19.2352
911,-19.35101,-19.28538,-19.32248,-19.43425,-19.2265
911.1,-19.37817,-19.28116,-19.33494,-19.41255,-19.23918
911.2,-19.37639,-19.2949,-19.3323,-19.40568,-19.2711
911.3,-19.37646,-19.29462,-19.30152,-19.41633,-19.28196
911.4,-19.38955,-19.28425,-19.29181,-19.405,-19.30154
911.5,-19.38334,-19.30831,-19.30697,-19.40489,-19.29745
911.6,-19.3882,-19.28215,-19.31558,-19.40846,-19.29039
911.7,-19.38893,-19.28629,-19.32603,-19.40983,-19.2941
911.8,-19.3719,-19.26969,-19.32682,-19.42047,-19.28967
911.9,-19.36979,-19.25516,-19.30586,-19.41502,-19.30537
912,-19.35518,-19.24362,-19.3114,-19.42421,-19.30581
912.1,-19.38247,-19.25501,-19.33169,-19.42004,-19.31845
912.2,-19.37822,-19.23209,-19.33251,-19.42347,-19.31516
912.3,-19.37571,-19.25295,-19.34197,-19.42344,-19.30202
912.4,-19.38005,-19.28145,-19.33693,-19.40774,-19.29685
912.5,-19.37626,-19.27196,-19.31188,-19.39743,-19.30463
912.6,-19.36184,-19.29005,-19.33089,-19.41482,-19.28964
912.7,-19.35082,-19.26709,-19.31159,-19.41103,-19.31721
912.8,-19.37063,-19.25995,-19.31538,-19.41073,-19.32526
912.9,-19.3789,-19.25528,-19.3144,-19.40396,-19.30343
913,-19.39105,-19.26432,-19.30087,-19.3948,-19.31023
913.1,-19.38402,-19.25854,-19.302,-19.38999,-19.33787
913.2,-19.38796,-19.25572,-19.31128,-19.39401,-19.35255
913.3,-19.38118,-19.24941,-19.30635,-19.37903,-19.37
913.4,-19.35951,-19.25623,-19.31104,-19.34317,-19.37742
913.5,-19.38118,-19.2229,-19.30719,-19.34975,-19.36222
913.6,-19.37002,-19.21127,-19.32879,-19.34354,-19.36222
913.7,-19.35856,-19.21092,-19.33885,-19.35462,-19.35596
913.8,-19.34793,-19.20928,-19.3309,-19.36056,-19.36401
913.9,-19.35658,-19.22463,-19.35046,-19.34509,-19.37467
914,-19.3204,-19.22238,-19.34824,-19.33177,-19.38952
914.1,-19.31714,-19.21962,-19.32935,-19.32936,-19.39939
914.2,-19.30271,-19.21957,-19.33227,-19.33822,-19.41169
914.3,-19.2952,-19.21976,-19.35692,-19.33312,-19.41319
914.4,-19.29991,-19.22758,-19.3703,-19.31653,-19.41538
914.5,-19.31168,-19.2327,-19.35584,-19.31594,-19.40771
914.6,-19.30367,-19.24917,-19.35855,-19.31958,-19.39672
914.7,-19.30793,-19.23437,-19.35502,-19.31447,-19.43433
914.8,-19.30163,-19.23586,-19.32022,-19.29453,-19.40315
914.9,-19.32572,-19.24375,-19.31413,-19.3004,-19.40257
915,-19.33116,-19.24848,-19.32736,-19.31928,-19.39806
915.1,-19.31992,-19.24699,-19.31325,-19.32996,-19.38666
915.2,-19.31137,-19.25695,-19.30173,-19.32007,-19.3768
915.3,-19.31298,-19.25514,-19.32492,-19.3261,-19.34763
915.4,-19.3192,-19.25964,-19.33913,-19.3249,-19.35065
915.5,-19.33605,-19.25744,-19.34398,-19.3077,-19.36734
915.6,-19.34009,-19.23957,-19.31214,-19.30758,-19.36279
915.7,-19.35671,-19.26973,-19.31823,-19.30214,-19.35792
915.8,-19.36152,-19.26509,-19.31623,-19.3033,-19.35192
915.9,-19.37506,-19.24478,-19.33755,-19.3167,-19.37058
916,-19.38697,-19.24893,-19.34097,-19.3098,-19.36864
916.1,-19.4072,-19.23953,-19.33775,-19.27218,-19.34582
916.2,-19.37839,-19.23529,-19.34026,-19.27351,-19.33985
916.3,-19.37351,-19.24498,-19.35351,-19.25809,-19.34587
916.4,-19.36245,-19.25433,-19.36919,-19.27354,-19.35668
916.5,-19.37585,-19.27345,-19.356,-19.285,-19.36106
916.6,-19.37126,-19.28385,-19.37512,-19.28513,-19.35826
916.7,-19.38866,-19.30011,-19.37665,-19.28872,-19.35471
916.8,-19.3713,-19.30344,-19.39265,-19.29476,-19.36727
916.9,-19.36851,-19.29774,-19.36922,-19.30188,-19.34886
917,-19.36332,-19.31152,-19.35388,-19.31087,-19.33684
917.1,-19.36385,-19.32073,-19.33395,-19.31367,-19.32866
917.2,-19.36089,-19.33726,-19.35743,-19.31665,-19.33307
917.3,-19.37322,-19.34766,-19.36065,-19.31353,-19.32614
917.4,-19.38064,-19.33169,-19.35237,-19.31663,-19.3373
917.5,-19.39012,-19.33333,-19.32251,-19.31446,-19.33377
917.6,-19.35835,-19.36465,-19.33492,-19.30334,-19.34696
917.7,-19.37001,-19.36755,-19.35782,-19.2755,-19.33387
917.8,-19.36565,-19.36677,-19.36468,-19.27707,-19.34852
917.9,-19.37123,-19.36508,-19.38897,-19.24785,-19.33877
918,-19.38149,-19.37247,-19.38571,-19.27,-19.35752
918.1,-19.38953,-19.35263,-19.37982,-19.27989,-19.33153
918.2,-19.37137,-19.36077,-19.38331,-19.27827,-19.34141
918.3,-19.39351,-19.36689,-19.37527,-19.27259,-19.32873
918.4,-19.37612,-19.3841,-19.39056,-19.26783,-19.34798
918.5,-19.37296,-19.37782,-19.4005,-19.29874,-19.35036
918.6,-19.37128,-19.38422,-19.39114,-19.30544,-19.36817
918.7,-19.36607,-19.37689,-19.41237,-19.31873,-19.36557
918.8,-19.38667,-19.36659,-19.38491,-19.3034,-19.35914
918.9,-19.41149,-19.3659,-19.37417,-19.28845,-19.35657
919,-19.43466,-19.36056,-19.38488,-19.3058,-19.34527
919.1,-19.41492,-19.35429,-19.37225,-19.30024,-19.33494
919.2,-19.40954,-19.35467,-19.3793,-19.29494,-19.35042
919.3,-19.40434,-19.35559,-19.36862,-19.29223,-19.34651
919.4,-19.41574,-19.35947,-19.36833,-19.3001,-19.32966
919.5,-19.40113,-19.34147,-19.35706,-19.30607,-19.33259
919.6,-19.38847,-19.36024,-19.38198,-19.28641,-19.33652
919.7,-19.37746,-19.35886,-19.3574,-19.30115,-19.33694
919.8,-19.39383,-19.36854,-19.35287,-19.28789,-19.35019
919.9,-19.3927,-19.39207,-19.3615,-19.2911,-19.35157
920,-19.38351,-19.39793,-19.36875,-19.29083,-19.35487
920.1,-19.36338,-19.38934,-19.37674,-19.30461,-19.35414
920.2,-19.35453,-19.37256,-19.39348,-19.31442,-19.35195
920.3,-19.37104,-19.37053,-19.38488,-19.33971,-19.36487
920.4,-19.36749,-19.38734,-19.37264,-19.34616,-19.36981
920.5,-19.37114,-19.40456,-19.35575,-19.32628,-19.38471
920.6,-19.36325,-19.3801,-19.34306,-19.34083,-19.37861
920.7,-19.37135,-19.35347,-19.31952,-19.37992,-19.38885
920.8,-19.39383,-19.33763,-19.33035,-19.39201,-19.40443
920.9,-19.37764,-19.32433,-19.31101,-19.4059,-19.38709
921,-19.36813,-19.32802,-19.3091,-19.39614,-19.38311
921.1,-19.35447,-19.31731,-19.30299,-19.39781,-19.37989
921.2,-19.34351,-19.29292,-19.33407,-19.39881,-19.38341
921.3,-19.33153,-19.30296,-19.33113,-19.38386,-19.38147
921.4,-19.32321,-19.30305,-19.3349,-19.38304,-19.37945
921.5,-19.32334,-19.31005,-19.33509,-19.37973,-19.3878
921.6,-19.3431,-19.3016,-19.34474,-19.40758,-19.39143
921.7,-19.33175,-19.28369,-19.34389,-19.3907,-19.39404
921.8,-19.31009,-19.29752,-19.34202,-19.40098,-19.39559
921.9,-19.30312,-19.30467,-19.33297,-19.38545,-19.40368
922,-19.30916,-19.28479,-19.35222,-19.38468,-19.3982
922.1,-19.32927,-19.2591,-19.36453,-19.38638,-19.39213
922.2,-19.31965,-19.26861,-19.34752,-19.37731,-19.38617
922.3,-19.32114,-19.30372,-19.36406,-19.38684,-19.38093
922.4,-19.34014,-19.31051,-19.34886,-19.40331,-19.38151
922.5,-19.31834,-19.32719,-19.3403,-19.41237,-19.377
922.6,-19.30022,-19.30424,-19.36369,-19.40712,-19.36223
922.7,-19.29534,-19.31007,-19.36951,-19.40559,-19.3543
922.8,-19.3038,-19.31094,-19.37437,-19.438,-19.33899
922.9,-19.30761,-19.32698,-19.38153,-19.45853,-19.32224
923,-19.29849,-19.32807,-19.36035,-19.47214,-19.32206
923.1,-19.27927,-19.33594,-19.33535,-19.46898,-19.33809
923.2,-19.27606,-19.32655,-19.34984,-19.46431,-19.34595
923.3,-19.25648,-19.30618,-19.34769,-19.45765,-19.32591
923.4,-19.26151,-19.31163,-19.34213,-19.4689,-19.30433
923.5,-19.26278,-19.31135,-19.36029,-19.46745,-19.30036
923.6,-19.27808,-19.30014,-19.35736,-19.47834,-19.30012
923.7,-19.28412,-19.30781,-19.37875,-19.46829,-19.306
923.8,-19.29616,-19.32774,-19.37984,-19.48612,-19.29051
923.9,-19.30407,-19.32415,-19.36758,-19.47006,-19.29331
924,-19.33417,-19.32076,-19.38477,-19.45858,-19.27477
924.1,-19.34769,-19.31855,-19.38566,-19.44779,-19.28043
924.2,-19.35715,-19.32008,-19.37937,-19.45068,-19.27896
924.3,-19.33859,-19.29175,-19.38018,-19.46944,-19.28475
924.4,-19.33742,-19.31109,-19.38184,-19.477,-19.27895
924.5,-19.35592,-19.32117,-19.39808,-19.43928,-19.27668
924.6,-19.37765,-19.31729,-19.39708,-19.42774,-19.29492
924.7,-19.38201,-19.29624,-19.39453,-19.43237,-19.30226
924.8,-19.38874,-19.30561,-19.39237,-19.42295,-19.31369
924.9,-19.39857,-19.29241,-19.37043,-19.39337,-19.31997
925,-19.39739,-19.28058,-19.36064,-19.37704,-19.30526
925.1,-19.4051,-19.29008,-19.33254,-19.3866,-19.32225
925.2,-19.3673,-19.2718,-19.3318,-19.38366,-19.33604
925.3,-19.35254,-19.27731,-19.33009,-19.40765,-19.33158
925.4,-19.34193,-19.28914,-19.30724,-19.40414,-19.31484
925.5,-19.32205,-19.27005,-19.32276,-19.40685,-19.31368
925.6,-19.42627,-19.25838,-19.34142,-19.38909,-19.31386
925.7,-19.44146,-19.25701,-19.35096,-19.3979,-19.30259
925.8,-19.43606,-19.25442,-19.32661,-19.38385,-19.31148
925.9,-19.44551,-19.27896,-19.3156,-19.40064,-19.32504
926,-19.44982,-19.29717,-19.2933,-19.3866,-19.33121
926.1,-19.45085,-19.32704,-19.30553,-19.36305,-19.33455
926.2,-19.48482,-19.32422,-19.31816,-19.38,-19.34644
926.3,-19.50968,-19.33695,-19.31619,-19.37109,-19.31774
926.4,-19.51225,-19.32257,-19.30219,-19.37999,-19.31735
926.5,-19.52619,-19.33107,-19.31562,-19.3787,-19.35443
926.6,-19.52421,-19.32841,-19.33562,-19.39049,-19.35406
926.7,-19.50723,-19.31125,-19.31563,-19.38081,-19.36675
926.8,-19.5063,-19.30917,-19.31857,-19.37731,-19.36234
926.9,-19.48555,-19.30171,-19.30574,-19.38313,-19.37203
927,-19.50173,-19.31207,-19.31695,-19.38115,-19.34455
927.1,-19.50675,-19.31572,-19.34686,-19.38933,-19.35453
927.2,-19.51736,-19.30924,-19.36946,-19.35076,-19.3466
927.3,-19.52418,-19.31885,-19.37515,-19.36494,-19.34519
927.4,-19.54143,-19.3326,-19.36762,-19.34477,-19.35279
927.5,-19.53506,-19.31524,-19.36919,-19.34895,-19.35786
927.6,-19.50678,-19.32754,-19.37323,-19.33648,-19.35155
927.7,-19.4895,-19.3317,-19.3503,-19.33272,-19.34927
927.8,-19.49378,-19.33956,-19.3519,-19.3268,-19.32778
927.9,-19.47998,-19.36624,-19.35263,-19.30459,-19.34564
928,-19.49397,-19.36286,-19.34268,-19.31693,-19.35085
928.1,-19.47226,-19.35092,-19.31669,-19.32878,-19.34164
928.2,-19.4889,-19.33367,-19.31886,-19.32044,-19.31876
928.3,-19.50099,-19.33453,-19.31546,-19.34151,-19.32539
928.4,-19.49334,-19.33499,-19.29826,-19.32891,-19.34224
928.5,-19.50787,-19.34672,-19.30742,-19.35285,-19.32675
928.6,-19.50576,-19.34641,-19.30663,-19.32431,-19.30698
928.7,-19.51562,-19.31884,-19.30214,-19.346,-19.32457
928.8,-19.51055,-19.29574,-19.31772,-19.3358,-19.3176
928.9,-19.51441,-19.28238,-19.33686,-19.33748,-19.32216
929,-19.52042,-19.24394,-19.34538,-19.34322,-19.32619
929.1,-19.52029,-19.22531,-19.3566,-19.34895,-19.30919
929.2,-19.5143,-19.34151,-19.38316,-19.36202,-19.2935
929.3,-19.5215,-19.3231,-19.38029,-19.36215,-19.2951
929.4,-19.52558,-19.3414,-19.33998,-19.37283,-19.30278
929.5,-19.52952,-19.33949,-19.33118,-19.35168,-19.28009
929.6,-19.50501,-19.3198,-19.31762,-19.36586,-19.27604
929.7,-19.52003,-19.32971,-19.3214,-19.37199,-19.28231
929.8,-19.51996,-19.34262,-19.32931,-19.38435,-19.272
929.9,-19.5167,-19.37336,-19.29649,-19.38126,-19.29011
930,-19.54906,-19.3714,-19.28691,-19.38425,-19.31683
930.1,-19.54216,-19.40652,-19.3035,-19.39757,-19.28858
930.2,-19.52581,-19.39202,-19.29878,-19.41313,-19.30111
930.3,-19.51777,-19.42029,-19.29509,-19.3985,-19.29965
930.4,-19.54227,-19.41368,-19.29149,-19.40009,-19.32312
930.5,-19.52448,-19.43878,-19.28654,-19.39174,-19.31323
930.6,-19.53626,-19.41851,-19.26455,-19.40266,-19.32177
930.7,-19.51399,-19.42273,-19.27573,-19.39067,-19.32771
930.8,-19.5061,-19.40616,-19.26962,-19.40343,-19.31223
930.9,-19.49637,-19.38778,-19.27268,-19.42312,-19.31496
931,-19.49036,-19.37824,-19.28623,-19.42532,-19.2992
931.1,-19.48286,-19.38454,-19.27871,-19.42483,-19.31447
931.2,-19.47791,-19.37509,-19.28663,-19.42062,-19.30716
931.3,-19.50383,-19.37949,-19.28249,-19.38747,-19.29177
931.4,-19.49451,-19.35889,-19.2741,-19.38083,-19.30406
931.5,-19.50495,-19.35936,-19.29224,-19.3877,-19.31509
931.6,-19.50681,-19.35448,-19.30048,-19.38913,-19.3119
931.7,-19.49423,-19.34535,-19.28121,-19.36952,-19.31343
931.8,-19.47507,-19.36155,-19.30277,-19.36272,-19.30771
931.9,-19.49803,-19.35187,-19.30321,-19.34175,-19.2923
932,-19.50268,-19.33847,-19.31461,-19.32707,-19.30342
932.1,-19.48474,-19.32411,-19.33145,-19.32401,-19.28277
932.2,-19.47863,-19.32029,-19.32338,-19.33048,-19.30044
932.3,-19.47955,-19.31324,-19.32172,-19.33191,-19.29085
932.4,-19.48778,-19.30717,-19.31115,-19.34285,-19.29588
932.5,-19.49328,-19.30451,-19.31063,-19.33845,-19.28602
932.6,-19.48579,-19.31186,-19.31542,-19.33973,-19.28685
932.7,-19.47856,-19.29156,-19.30635,-19.33688,-19.27603
932.8,-19.46021,-19.29753,-19.29786,-19.35351,-19.26694
932.9,-19.45268,-19.28284,-19.29092,-19.34654,-19.24645
933,-19.43721,-19.26234,-19.31734,-19.35169,-19.23863
933.1,-19.42497,-19.25868,-19.30434,-19.32813,-19.2421
933.2,-19.41858,-19.28638,-19.31426,-19.33502,-19.25107
933.3,-19.42667,-19.28034,-19.29524,-19.31178,-19.25204
933.4,-19.43784,-19.30362,-19.28759,-19.28593,-19.25395
933.5,-19.44697,-19.33435,-19.28808,-19.27301,-19.25399
933.6,-19.44236,-19.32641,-19.29827,-19.28336,-19.25756
933.7,-19.445,-19.32432,-19.28041,-19.25892,-19.2583
933.8,-19.44472,-19.31289,-19.30686,-19.27532,-19.25873
933.9,-19.44099,-19.34883,-19.2989,-19.26291,-19.24827
934,-19.42989,-19.32316,-19.32529,-19.2854,-19.25347
934.1,-19.4438,-19.31433,-19.31786,-19.28217,-19.24998
934.2,-19.45319,-19.30457,-19.32822,-19.27149,-19.26109
934.3,-19.43591,-19.29898,-19.3286,-19.26171,-19.23904
934.4,-19.43006,-19.32832,-19.32545,-19.26401,-19.2298
934.5,-19.43124,-19.31962,-19.29992,-19.25798,-19.23238
934.6,-19.45241,-19.31996,-19.30245,-19.25695,-19.21439
934.7,-19.42182,-19.32659,-19.31029,-19.25954,-19.19137
934.8,-19.41452,-19.32251,-19.32939,-19.28716,-19.21631
934.9,-19.42108,-19.30471,-19.32187,-19.29396,-19.22945
935,-19.40666,-19.2879,-19.34114,-19.29337,-19.23559
935.1,-19.39626,-19.27322,-19.32952,-19.29146,-19.23476
935.2,-19.39145,-19.25604,-19.32546,-19.29607,-19.24323
935.3,-19.38437,-19.24267,-19.34344,-19.29493,-19.22301
935.4,-19.39562,-19.2282,-19.3578,-19.28176,-19.23611
935.5,-19.39338,-19.23095,-19.36853,-19.27512,-19.22378
935.6,-19.40137,-19.24443,-19.3388,-19.26885,-19.21905
935.7,-19.41411,-19.24426,-19.3294,-19.29223,-19.23348
935.8,-19.40717,-19.24957,-19.33358,-19.28691,-19.27055
935.9,-19.39639,-19.24142,-19.34292,-19.30134,-19.24698
936,-19.36346,-19.24457,-19.34523,-19.31641,-19.25065
936.1,-19.34882,-19.23742,-19.3521,-19.2884,-19.25095
936.2,-19.32958,-19.24643,-19.33283,-19.28946,-19.2328
936.3,-19.34245,-19.23205,-19.3237,-19.28841,-19.25184
936.4,-19.33716,-19.21628,-19.33138,-19.29472,-19.2614
936.5,-19.34848,-19.21605,-19.3128,-19.29506,-19.27027
936.6,-19.348,-19.22978,-19.32664,-19.28821,-19.2723
936.7,-19.34199,-19.21575,-19.3631,-19.30008,-19.24093
936.8,-19.35265,-19.20254,-19.35435,-19.31741,-19.23706
936.9,-19.32651,-19.22477,-19.35326,-19.33341,-19.24827
937,-19.32072,-19.21586,-19.33725,-19.34662,-19.25324
937.1,-19.29333,-19.22064,-19.33121,-19.33576,-19.25441
937.2,-19.2732,-19.22288,-19.31332,-19.35398,-19.24353
937.3,-19.24436,-19.21256,-19.32568,-19.34958,-19.23017
937.4,-19.35422,-19.21879,-19.33407,-19.32591,-19.24795
937.5,-19.35789,-19.23341,-19.32408,-19.32904,-19.25759
937.6,-19.34773,-19.19769,-19.33212,-19.32289,-19.23463
937.7,-19.36772,-19.20996,-19.35076,-19.31526,-19.23912
937.8,-19.35654,-19.21409,-19.3499,-19.29848,-19.24029
937.9,-19.36731,-19.20829,-19.3542,-19.31018,-19.24849
938,-19.3837,-19.20088,-19.3611,-19.32183,-19.24816
938.1,-19.39746,-19.19815,-19.33581,-19.31241,-19.23195
938.2,-19.38499,-19.21149,-19.33865,-19.31552,-19.23691
938.3,-19.39033,-19.21612,-19.34023,-19.29111,-19.2277
938.4,-19.38941,-19.22501,-19.31976,-19.28527,-19.21652
938.5,-19.37323,-19.21883,-19.32537,-19.29429,-19.23331
938.6,-19.37239,-19.20792,-19.3496,-19.27503,-19.24978
938.7,-19.35979,-19.22386,-19.35752,-19.29721,-19.26645
938.8,-19.39481,-19.20692,-19.34852,-19.28565,-19.25805
938.9,-19.40788,-19.20359,-19.33446,-19.28515,-19.2665
939,-19.38248,-19.2013,-19.3464,-19.28304,-19.2787
939.1,-19.40007,-19.20481,-19.34684,-19.27943,-19.26415
939.2,-19.40457,-19.19405,-19.34729,-19.26949,-19.27216
939.3,-19.41433,-19.17929,-19.36546,-19.27972,-19.26048
939.4,-19.41379,-19.16914,-19.35578,-19.27534,-19.26501
939.5,-19.38994,-19.17339,-19.37237,-19.27808,-19.27114
939.6,-19.38942,-19.16926,-19.39416,-19.31553,-19.27435
939.7,-19.40649,-19.18352,-19.41402,-19.31288,-19.27112
939.8,-19.38742,-19.20246,-19.42173,-19.31105,-19.28088
939.9,-19.38858,-19.2162,-19.40611,-19.30836,-19.29806
940,-19.39511,-19.20184,-19.41904,-19.29484,-19.30183
940.1,-19.39809,-19.18852,-19.4237,-19.2803,-19.30701
940.2,-19.39337,-19.20328,-19.44884,-19.29707,-19.32426
940.3,-19.38252,-19.19118,-19.44514,-19.28421,-19.33964
940.4,-19.37791,-19.19552,-19.45026,-19.29487,-19.33923
940.5,-19.38203,-19.19705,-19.46743,-19.31187,-19.30314
940.6,-19.35892,-19.20137,-19.48808,-19.31242,-19.31811
940.7,-19.35572,-19.17955,-19.4866,-19.31291,-19.2995
940.8,-19.34945,-19.1865,-19.48328,-19.30992,-19.34097
940.9,-19.33622,-19.18402,-19.50176,-19.32631,-19.33356
941,-19.32991,-19.20639,-19.51778,-19.31522,-19.3338
941.1,-19.31113,-19.21116,-19.51328,-19.31323,-19.3494
941.2,-19.31211,-19.23435,-19.51162,-19.31728,-19.31909
941.3,-19.31444,-19.21275,-19.49583,-19.31764,-19.30885
941.4,-19.32184,-19.19503,-19.49699,-19.30798,-19.29703
941.5,-19.30992,-19.1784,-19.469,-19.34377,-19.28161
941.6,-19.30736,-19.16829,-19.48472,-19.34132,-19.26728
941.7,-19.29648,-19.17781,-19.48105,-19.32393,-19.26036
941.8,-19.29877,-19.17583,-19.47457,-19.31936,-19.25218
941.9,-19.30775,-19.201,-19.47685,-19.30532,-19.24109
942,-19.29163,-19.20056,-19.49853,-19.29531,-19.2247
942.1,-19.30496,-19.20414,-19.52279,-19.29861,-19.22432
942.2,-19.28269,-19.20643,-19.52222,-19.30634,-19.23196
942.3,-19.30868,-19.21406,-19.54064,-19.29292,-19.22653
942.4,-19.30906,-19.22739,-19.51436,-19.29531,-19.21693
942.5,-19.30037,-19.23228,-19.50813,-19.31472,-19.21249
942.6,-19.29126,-19.25937,-19.51585,-19.32121,-19.2093
942.7,-19.29654,-19.25906,-19.48105,-19.3189,-19.19366
942.8,-19.27838,-19.25881,-19.49028,-19.31659,-19.18639
942.9,-19.26937,-19.26891,-19.48791,-19.31802,-19.20483
943,-19.2729,-19.25418,-19.46784,-19.32283,-19.18596
943.1,-19.27805,-19.23539,-19.46478,-19.31329,-19.20549
943.2,-19.25164,-19.23455,-19.45656,-19.32608,-19.20325
943.3,-19.26173,-19.229,-19.43473,-19.33335,-19.2065
943.4,-19.25722,-19.22872,-19.42795,-19.32027,-19.20841
943.5,-19.26759,-19.2296,-19.44702,-19.31343,-19.23916
943.6,-19.28674,-19.23966,-19.44986,-19.3162,-19.24538
943.7,-19.32114,-19.23749,-19.46666,-19.30563,-19.23527
943.8,-19.32018,-19.23537,-19.47717,-19.318,-19.2249
943.9,-19.30816,-19.23669,-19.49016,-19.31295,-19.21433
944,-19.3061,-19.23303,-19.49587,-19.3287,-19.23946
944.1,-19.30042,-19.22431,-19.48863,-19.30738,-19.25238
944.2,-19.28216,-19.25323,-19.4821,-19.29289,-19.2578
944.3,-19.28603,-19.2414,-19.4578,-19.28171,-19.25715
944.4,-19.28478,-19.23991,-19.46858,-19.28105,-19.26227
944.5,-19.30602,-19.26409,-19.47209,-19.26067,-19.26935
944.6,-19.27427,-19.26383,-19.46731,-19.26299,-19.26811
944.7,-19.26416,-19.2463,-19.4727,-19.27434,-19.2568
944.8,-19.28343,-19.25189,-19.47138,-19.28117,-19.24717
944.9,-19.27581,-19.26633,-19.45961,-19.3073,-19.26568
945,-19.29669,-19.23062,-19.43137,-19.31789,-19.27931
945.1,-19.28809,-19.23776,-19.42834,-19.31671,-19.28482
945.2,-19.27256,-19.24378,-19.43528,-19.31078,-19.3071
945.3,-19.27087,-19.25745,-19.41699,-19.32157,-19.28017
945.4,-19.23647,-19.28856,-19.42498,-19.30566,-19.25558
945.5,-19.2141,-19.29639,-19.43503,-19.28735,-19.28161
945.6,-19.17961,-19.31686,-19.4362,-19.26512,-19.25886
945.7,-19.28878,-19.31036,-19.4402,-19.26542,-19.27559
945.8,-19.30973,-19.33046,-19.44412,-19.26107,-19.26763
945.9,-19.30663,-19.32771,-19.45436,-19.25166,-19.26405
946,-19.30641,-19.33292,-19.4516,-19.25969,-19.26445
946.1,-19.3188,-19.34257,-19.45453,-19.25099,-19.24745
946.2,-19.2982,-19.33928,-19.45358,-19.25706,-19.25511
946.3,-19.31229,-19.32682,-19.45366,-19.26753,-19.24166
946.4,-19.30452,-19.36165,-19.45234,-19.22683,-19.26231
946.5,-19.31463,-19.37747,-19.44704,-19.23514,-19.26049
946.6,-19.28085,-19.38873,-19.44254,-19.23183,-19.24268
946.7,-19.26442,-19.3831,-19.43113,-19.23082,-19.24611
946.8,-19.27853,-19.40258,-19.4417,-19.24838,-19.2179
946.9,-19.27114,-19.38203,-19.45883,-19.26372,-19.24355
947,-19.25515,-19.36652,-19.46156,-19.26696,-19.25502
947.1,-19.21535,-19.35553,-19.46183,-19.26179,-19.25141
947.2,-19.2262,-19.36433,-19.49588,-19.26766,-19.26912
947.3,-19.21631,-19.3612,-19.50026,-19.26935,-19.26938
947.4,-19.24493,-19.3767,-19.51163,-19.27282,-19.28105
947.5,-19.24464,-19.38261,-19.50502,-19.26136,-19.2654
947.6,-19.22057,-19.39673,-19.49959,-19.25147,-19.24857
947.7,-19.193,-19.42836,-19.50665,-19.24062,-19.23818
947.8,-19.19322,-19.44693,-19.51754,-19.22659,-19.23397
947.9,-19.2036,-19.45183,-19.51861,-19.23434,-19.22549
948,-19.20974,-19.44472,-19.51246,-19.23993,-19.22558
948.1,-19.21182,-19.44692,-19.49987,-19.23735,-19.23083
948.2,-19.22105,-19.44467,-19.48631,-19.235,-19.23445
948.3,-19.21659,-19.47274,-19.46256,-19.26116,-19.21969
948.4,-19.21304,-19.43626,-19.46892,-19.27438,-19.21162
948.5,-19.20108,-19.45329,-19.47679,-19.29134,-19.23516
948.6,-19.19917,-19.45851,-19.49412,-19.27548,-19.21534
948.7,-19.18519,-19.45555,-19.47457,-19.27263,-19.23198
948.8,-19.18295,-19.46504,-19.47264,-19.29045,-19.21737
948.9,-19.14421,-19.43586,-19.50388,-19.27798,-19.21185
949,-19.12106,-19.44205,-19.49881,-19.27,-19.21759
949.1,-19.12023,-19.42079,-19.50456,-19.28618,-19.2239
949.2,-19.1108,-19.41666,-19.52059,-19.29039,-19.2445
949.3,-19.08359,-19.41884,-19.51376,-19.31182,-19.25189
949.4,-19.17506,-19.43388,-19.52977,-19.31957,-19.25935
949.5,-19.18211,-19.42694,-19.51033,-19.3016,-19.25885
949.6,-19.20241,-19.4302,-19.50801,-19.30366,-19.2779
949.7,-19.21174,-19.4434,-19.49514,-19.28938,-19.27688
949.8,-19.22189,-19.4412,-19.48186,-19.29932,-19.29614
949.9,-19.22295,-19.44065,-19.45642,-19.30431,-19.27491
950,-19.20544,-19.42809,-19.43945,-19.30603,-19.28599
950.1,-19.20383,-19.4164,-19.45602,-19.29029,-19.28326
950.2,-19.21,-19.41351,-19.43994,-19.30199,-19.29115
950.3,-19.18449,-19.40931,-19.42972,-19.29846,-19.29665
950.4,-19.16691,-19.41096,-19.41653,-19.28284,-19.27242
950.5,-19.19538,-19.39079,-19.42332,-19.27389,-19.27893
950.6,-19.19422,-19.40274,-19.42718,-19.26438,-19.29085
950.7,-19.19273,-19.40923,-19.42714,-19.2579,-19.28795
950.8,-19.20076,-19.40584,-19.41468,-19.24335,-19.30258
950.9,-19.19474,-19.41391,-19.40806,-19.24473,-19.31789
951,-19.18356,-19.40346,-19.42675,-19.25067,-19.32176
951.1,-19.17554,-19.40734,-19.44743,-19.23144,-19.31966
951.2,-19.17457,-19.38615,-19.44495,-19.21555,-19.34091
951.3,-19.18113,-19.37311,-19.44983,-19.21878,-19.34533
951.4,-19.18473,-19.3788,-19.4523,-19.20931,-19.3445
951.5,-19.19415,-19.40809,-19.45996,-19.20599,-19.36355
951.6,-19.20232,-19.41174,-19.47056,-19.20726,-19.34665
951.7,-19.18453,-19.41471,-19.4564,-19.20506,-19.33897
951.8,-19.16883,-19.41352,-19.44787,-19.22024,-19.33992
951.9,-19.16976,-19.42928,-19.44908,-19.23875,-19.352
952,-19.16694,-19.43134,-19.42461,-19.24142,-19.35777
952.1,-19.18099,-19.41918,-19.41741,-19.23492,-19.36014
952.2,-19.19304,-19.42107,-19.43089,-19.2236,-19.35367
952.3,-19.19973,-19.42323,-19.41608,-19.22859,-19.36577
952.4,-19.201,-19.41256,-19.42963,-19.2419,-19.33892
952.5,-19.18046,-19.40486,-19.42056,-19.24456,-19.33287
952.6,-19.19479,-19.4075,-19.43988,-19.24991,-19.33828
952.7,-19.15407,-19.38765,-19.4294,-19.24608,-19.35305
952.8,-19.12185,-19.3898,-19.43699,-19.26217,-19.37593
952.9,-19.13666,-19.39966,-19.44802,-19.29097,-19.3607
953,-19.11722,-19.40069,-19.44634,-19.28864,-19.37668
953.1,-19.1062,-19.3886,-19.44466,-19.26837,-19.37284
953.2,-19.10996,-19.37498,-19.4661,-19.27688,-19.35931
953.3,-19.08765,-19.38824,-19.45844,-19.28137,-19.38088
953.4,-19.1748,-19.39146,-19.43543,-19.27412,-19.36881
953.5,-19.20015,-19.39242,-19.45602,-19.27351,-19.35296
953.6,-19.20652,-19.37932,-19.44929,-19.25677,-19.36176
953.7,-19.20198,-19.37594,-19.45686,-19.26522,-19.37665
953.8,-19.20239,-19.35765,-19.44072,-19.2696,-19.38258
953.9,-19.20049,-19.35892,-19.45121,-19.2681,-19.36799
954,-19.20151,-19.34981,-19.43614,-19.23325,-19.37307
954.1,-19.18092,-19.37677,-19.43174,-19.2682,-19.36014
954.2,-19.1852,-19.37686,-19.40749,-19.25779,-19.33884
954.3,-19.1711,-19.36099,-19.42245,-19.25484,-19.33674
954.4,-19.14753,-19.37651,-19.43919,-19.26191,-19.34619
954.5,-19.11659,-19.39031,-19.45376,-19.26418,-19.35947
954.6,-19.11743,-19.38698,-19.42257,-19.28025,-19.34987
954.7,-19.10858,-19.37025,-19.40404,-19.26898,-19.37014
954.8,-19.07417,-19.35984,-19.4204,-19.27606,-19.38853
954.9,-19.0696,-19.37132,-19.43502,-19.2907,-19.36356
955,-19.07705,-19.38576,-19.43715,-19.31936,-19.37771
955.1,-19.06584,-19.3969,-19.43575,-19.32645,-19.3446
955.2,-19.05301,-19.39331,-19.46068,-19.3146,-19.34757
955.3,-19.06655,-19.41166,-19.45135,-19.31218,-19.35663
955.4,-19.07226,-19.42483,-19.43824,-19.3057,-19.32988
955.5,-19.09076,-19.42417,-19.42876,-19.29628,-19.343
955.6,-19.06727,-19.43944,-19.41446,-19.31498,-19.33997
955.7,-19.06825,-19.42384,-19.41923,-19.31703,-19.32888
955.8,-19.05393,-19.43654,-19.42395,-19.32141,-19.31814
955.9,-19.03012,-19.43068,-19.4177,-19.31212,-19.32328
956,-19.03566,-19.41329,-19.39296,-19.31063,-19.34954
956.1,-19.03602,-19.42069,-19.37901,-19.28449,-19.3578
956.2,-19.00917,-19.41607,-19.39562,-19.2742,-19.3515
956.3,-19.00382,-19.41332,-19.40277,-19.29179,-19.35029
956.4,-18.97692,-19.39249,-19.40165,-19.30836,-19.3308
956.5,-18.9348,-19.39502,-19.40052,-19.30737,-19.35434
956.6,-19.0493,-19.39504,-19.39443,-19.30945,-19.36391
956.7,-19.04922,-19.39409,-19.41214,-19.3087,-19.35644
956.8,-19.06825,-19.38471,-19.42647,-19.31581,-19.33757
956.9,-19.05516,-19.38622,-19.42169,-19.31821,-19.325
957,-19.06843,-19.36553,-19.39114,-19.31885,-19.33164
957.1,-19.08041,-19.34963,-19.40368,-19.31266,-19.32495
957.2,-19.075,-19.32818,-19.39012,-19.31084,-19.32824
957.3,-19.08582,-19.32729,-19.39305,-19.29588,-19.32204
957.4,-19.08742,-19.34011,-19.39931,-19.29091,-19.3352
957.5,-19.08884,-19.35247,-19.41053,-19.28575,-19.37274
957.6,-19.08088,-19.34099,-19.39168,-19.27983,-19.36925
957.7,-19.08284,-19.33737,-19.39931,-19.26423,-19.35254
957.8,-19.08491,-19.3409,-19.40377,-19.26391,-19.34029
957.9,-19.07378,-19.34023,-19.41604,-19.25845,-19.35199
958,-19.07948,-19.31827,-19.40877,-19.25955,-19.35471
958.1,-19.05882,-19.29896,-19.39148,-19.25761,-19.3549
958.2,-19.04344,-19.27521,-19.40227,-19.23943,-19.34056
958.3,-19.01957,-19.28336,-19.38744,-19.2303,-19.33662
958.4,-19.13289,-19.30208,-19.36007,-19.22444,-19.32159
958.5,-19.14617,-19.28706,-19.36755,-19.23154,-19.34624
958.6,-19.14928,-19.28094,-19.37834,-19.25742,-19.33911
958.7,-19.13451,-19.26537,-19.36438,-19.24719,-19.34604
958.8,-19.14086,-19.28446,-19.35423,-19.22815,-19.33847
958.9,-19.14815,-19.28541,-19.36298,-19.25739,-19.34006
959,-19.13271,-19.28721,-19.38467,-19.24454,-19.34596
959.1,-19.11796,-19.31903,-19.39853,-19.25585,-19.35797
959.2,-19.12639,-19.31101,-19.41374,-19.25189,-19.3463
959.3,-19.15223,-19.33122,-19.42479,-19.25605,-19.33364
959.4,-19.14591,-19.31968,-19.40392,-19.25387,-19.32888
959.5,-19.14492,-19.31712,-19.41029,-19.2713,-19.32527
959.6,-19.15212,-19.32262,-19.43141,-19.25356,-19.33263
959.7,-19.13582,-19.32051,-19.4227,-19.23067,-19.33992
959.8,-19.15129,-19.29412,-19.41851,-19.23635,-19.3333
959.9,-19.1611,-19.2999,-19.44213,-19.22493,-19.32619
960,-19.17957,-19.29088,-19.402,-19.21112,-19.3361
960.1,-19.1746,-19.29177,-19.41148,-19.23445,-19.32562
960.2,-19.18392,-19.29334,-19.4009,-19.24714,-19.33567
960.3,-19.1504,-19.29668,-19.40936,-19.23336,-19.33748
960.4,-19.13801,-19.28626,-19.4244,-19.24428,-19.3537
960.5,-19.13601,-19.28082,-19.43119,-19.23124,-19.35285
960.6,-19.14744,-19.2705,-19.43186,-19.22035,-19.35538
960.7,-19.16582,-19.27496,-19.41665,-19.21755,-19.34943
960.8,-19.17674,-19.2704,-19.41953,-19.24351,-19.32232
960.9,-19.16488,-19.27456,-19.41508,-19.22861,-19.35653
961,-19.15454,-19.28773,-19.43217,-19.251,-19.36011
961.1,-19.16438,-19.30326,-19.43949,-19.23264,-19.36209
961.2,-19.15176,-19.27683,-19.43573,-19.23035,-19.36681
961.3,-19.15639,-19.26928,-19.44076,-19.22063,-19.33373
961.4,-19.16666,-19.25753,-19.46358,-19.21614,-19.34111
961.5,-19.16555,-19.2655,-19.47037,-19.2251,-19.34142
961.6,-19.16001,-19.27761,-19.46147,-19.24597,-19.3354
961.7,-19.14215,-19.27631,-19.44424,-19.24287,-19.34272
961.8,-19.14815,-19.28382,-19.42024,-19.23066,-19.37258
961.9,-19.14125,-19.26051,-19.4164,-19.22554,-19.37945
962,-19.1206,-19.28248,-19.38771,-19.23161,-19.38587
962.1,-19.0936,-19.30324,-19.36678,-19.27088,-19.37695
962.2,-19.11007,-19.302,-19.35426,-19.25552,-19.39831
962.3,-19.08425,-19.3141,-19.34612,-19.2783,-19.40006
962.4,-19.0932,-19.31243,-19.34684,-19.27124,-19.369
962.5,-19.08584,-19.29654,-19.33351,-19.28816,-19.36209
962.6,-19.06178,-19.28416,-19.32546,-19.26953,-19.35151
962.7,-19.04223,-19.27867,-19.31351,-19.27884,-19.35564
962.8,-19.02127,-19.27765,-19.30565,-19.28705,-19.35745
962.9,-19.14753,-19.28486,-19.30721,-19.28348,-19.34965
963,-19.15231,-19.30821,-19.31437,-19.30494,-19.34307
963.1,-19.15524,-19.32235,-19.33045,-19.28716,-19.30775
963.2,-19.16209,-19.31655,-19.33031,-19.28326,-19.30848
963.3,-19.14539,-19.3408,-19.32336,-19.27069,-19.30849
963.4,-19.13866,-19.34222,-19.31896,-19.24941,-19.29546
963.5,-19.14177,-19.35992,-19.29711,-19.24329,-19.2861
963.6,-19.15044,-19.3676,-19.2848,-19.23058,-19.29155
963.7,-19.15287,-19.35819,-19.29307,-19.22754,-19.29643
963.8,-19.12839,-19.35559,-19.30227,-19.24758,-19.28949
963.9,-19.12238,-19.33667,-19.29818,-19.25189,-19.29333
964,-19.11719,-19.34819,-19.3001,-19.28373,-19.26496
964.1,-19.11508,-19.34249,-19.30468,-19.27497,-19.2592
964.2,-19.12886,-19.36365,-19.33111,-19.26169,-19.25696
964.3,-19.14294,-19.35454,-19.3541,-19.25579,-19.235
964.4,-19.14172,-19.34745,-19.34451,-19.24215,-19.24938
964.5,-19.13633,-19.30596,-19.35245,-19.21429,-19.26251
964.6,-19.13529,-19.32122,-19.34983,-19.22234,-19.27381
964.7,-19.13238,-19.33582,-19.3596,-19.21217,-19.2827
964.8,-19.14641,-19.33899,-19.34673,-19.2373,-19.28378
964.9,-19.14429,-19.33744,-19.34133,-19.22583,-19.24744
965,-19.15276,-19.32594,-19.3546,-19.23368,-19.27055
965.1,-19.13685,-19.32169,-19.35477,-19.21449,-19.30213
965.2,-19.10724,-19.32558,-19.36579,-19.2176,-19.31951
965.3,-19.10483,-19.32455,-19.36414,-19.21977,-19.30994
965.4,-19.0999,-19.31643,-19.37503,-19.19587,-19.30823
965.5,-19.18425,-19.30964,-19.37032,-19.20384,-19.3285
965.6,-19.18196,-19.29234,-19.3765,-19.19689,-19.31561
965.7,-19.16164,-19.30507,-19.38658,-19.18994,-19.30197
965.8,-19.14265,-19.32088,-19.3586,-19.18706,-19.31926
965.9,-19.11348,-19.30115,-19.35105,-19.19095,-19.31487
966,-19.24758,-19.31256,-19.35694,-19.18364,-19.30003
966.1,-19.25395,-19.34843,-19.3613,-19.17917,-19.30093
966.2,-19.23766,-19.35726,-19.3534,-19.16871,-19.29105
966.3,-19.22703,-19.36731,-19.34937,-19.16348,-19.28931
966.4,-19.21751,-19.37028,-19.34567,-19.18003,-19.27781
966.5,-19.23366,-19.34907,-19.34791,-19.18571,-19.27519
966.6,-19.22904,-19.33608,-19.35603,-19.1745,-19.25221
966.7,-19.21053,-19.31928,-19.36376,-19.16993,-19.2479
966.8,-19.22244,-19.31822,-19.37873,-19.19238,-19.24911
966.9,-19.2238,-19.3341,-19.38276,-19.19786,-19.26092
967,-19.23008,-19.32819,-19.385,-19.18785,-19.24256
967.1,-19.23167,-19.32256,-19.38296,-19.16245,-19.2509
967.2,-19.24211,-19.31594,-19.40569,-19.16837,-19.28116
967.3,-19.25688,-19.32977,-19.4126,-19.17335,-19.281
967.4,-19.2727,-19.30785,-19.41148,-19.19943,-19.27774
967.5,-19.26643,-19.30248,-19.41635,-19.20329,-19.27744
967.6,-19.24627,-19.30975,-19.42682,-19.19807,-19.28232
967.7,-19.2592,-19.32136,-19.42606,-19.19269,-19.29324
967.8,-19.23085,-19.31058,-19.41745,-19.19897,-19.27462
967.9,-19.22715,-19.33916,-19.38861,-19.19665,-19.25159
968,-19.20285,-19.33864,-19.37119,-19.21128,-19.23672
968.1,-19.21206,-19.33473,-19.38692,-19.19057,-19.26909
968.2,-19.22504,-19.32469,-19.39381,-19.20603,-19.275
968.3,-19.22365,-19.33896,-19.38524,-19.22162,-19.26301
968.4,-19.21712,-19.34373,-19.36648,-19.21301,-19.24795
968.5,-19.20597,-19.34772,-19.36167,-19.18506,-19.24287
968.6,-19.21409,-19.35858,-19.36472,-19.20591,-19.22886
968.7,-19.21706,-19.35232,-19.34897,-19.18671,-19.2069
968.8,-19.19893,-19.36557,-19.34447,-19.17493,-19.20928
968.9,-19.20675,-19.34204,-19.33829,-19.17767,-19.21851
969,-19.16866,-19.35956,-19.3386,-19.17316,-19.22848
969.1,-19.12703,-19.36781,-19.33659,-19.18154,-19.23232
969.2,-19.08135,-19.38503,-19.33235,-19.17214,-19.25901
969.3,-19.19353,-19.37032,-19.33568,-19.18562,-19.27079
969.4,-19.1869,-19.35925,-19.33535,-19.16345,-19.27531
969.5,-19.16612,-19.35682,-19.33725,-19.17019,-19.27541
969.6,-19.17142,-19.36022,-19.32353,-19.18243,-19.29446
969.7,-19.15965,-19.37622,-19.31251,-19.17971,-19.2814
969.8,-19.18678,-19.38463,-19.31697,-19.18593,-19.28682
969.9,-19.20291,-19.34839,-19.31083,-19.18452,-19.29911
970,-19.21067,-19.32691,-19.30782,-19.20651,-19.30515
970.1,-19.21856,-19.33792,-19.31537,-19.21013,-19.29867
970.2,-19.21684,-19.34486,-19.30156,-19.23175,-19.28349
970.3,-19.21878,-19.33729,-19.31167,-19.24041,-19.27202
970.4,-19.24484,-19.3275,-19.29629,-19.23943,-19.29415
970.5,-19.22957,-19.31138,-19.29364,-19.22046,-19.29052
970.6,-19.23613,-19.32782,-19.30334,-19.23127,-19.29468
970.7,-19.21586,-19.31278,-19.29514,-19.23114,-19.29868
970.8,-19.20673,-19.32282,-19.30907,-19.23387,-19.31624
970.9,-19.1853,-19.31806,-19.31402,-19.25456,-19.30414
971,-19.18187,-19.30968,-19.30766,-19.24416,-19.3237
971.1,-19.19321,-19.3171,-19.31937,-19.2461,-19.31431
971.2,-19.18986,-19.3073,-19.34793,-19.232,-19.31329
971.3,-19.19582,-19.32479,-19.34313,-19.2599,-19.30694
971.4,-19.19939,-19.31453,-19.3504,-19.27286,-19.32097
971.5,-19.1903,-19.30602,-19.35917,-19.26741,-19.31415
971.6,-19.18859,-19.30754,-19.38194,-19.25816,-19.32268
971.7,-19.18406,-19.2906,-19.36747,-19.27731,-19.34186
971.8,-19.18218,-19.28537,-19.36198,-19.27598,-19.34181
971.9,-19.16933,-19.26715,-19.33832,-19.29292,-19.33119
972,-19.15595,-19.2587,-19.32988,-19.2765,-19.33645
972.1,-19.15035,-19.2488,-19.31478,-19.29546,-19.32883
972.2,-19.1452,-19.25606,-19.32441,-19.31265,-19.32183
972.3,-19.17233,-19.25977,-19.33078,-19.30118,-19.32263
972.4,-19.17847,-19.25957,-19.34047,-19.29814,-19.32156
972.5,-19.15585,-19.25431,-19.34587,-19.28955,-19.29529
972.6,-19.15862,-19.2594,-19.36728,-19.29698,-19.28569
972.7,-19.14531,-19.25729,-19.36984,-19.29122,-19.25562
972.8,-19.14553,-19.23651,-19.36606,-19.29826,-19.24558
972.9,-19.14535,-19.22035,-19.37597,-19.31003,-19.24478
973,-19.15155,-19.24364,-19.37096,-19.31564,-19.25679
973.1,-19.14916,-19.24441,-19.36359,-19.30494,-19.25165
973.2,-19.12729,-19.23677,-19.36936,-19.30049,-19.26657
973.3,-19.11454,-19.25158,-19.37162,-19.32208,-19.27352
973.4,-19.12176,-19.25736,-19.36024,-19.30664,-19.29437
973.5,-19.11284,-19.26244,-19.36729,-19.3102,-19.27306
973.6,-19.09403,-19.2733,-19.37214,-19.31324,-19.26792
973.7,-19.10107,-19.26415,-19.36212,-19.32168,-19.24802
973.8,-19.10502,-19.26145,-19.37199,-19.30167,-19.25313
973.9,-19.10863,-19.23853,-19.37263,-19.29955,-19.26579
974,-19.09129,-19.21452,-19.35146,-19.30548,-19.29544
974.1,-19.10377,-19.19731,-19.35136,-19.30513,-19.27928
974.2,-19.11969,-19.18613,-19.362,-19.30203,-19.2824
974.3,-19.11795,-19.18365,-19.34883,-19.33418,-19.28149
974.4,-19.10754,-19.18602,-19.35136,-19.33214,-19.29266
974.5,-19.11099,-19.21571,-19.33602,-19.33997,-19.28231
974.6,-19.10046,-19.20598,-19.3283,-19.35218,-19.27586
974.7,-19.07735,-19.19488,-19.3452,-19.36137,-19.28493
974.8,-19.06397,-19.1898,-19.33662,-19.35829,-19.27893
974.9,-19.17104,-19.21265,-19.32663,-19.33318,-19.27984
975,-19.17738,-19.21604,-19.32963,-19.3412,-19.26709
975.1,-19.18313,-19.21709,-19.35297,-19.34697,-19.2965
975.2,-19.18173,-19.23114,-19.35012,-19.37117,-19.2822
975.3,-19.17972,-19.2379,-19.34429,-19.36864,-19.2599
975.4,-19.1658,-19.24993,-19.34073,-19.37114,-19.28193
975.5,-19.15734,-19.23732,-19.34783,-19.40006,-19.26208
975.6,-19.15411,-19.23788,-19.33484,-19.39214,-19.28571
975.7,-19.14796,-19.24173,-19.32085,-19.38544,-19.25421
975.8,-19.14817,-19.27025,-19.30991,-19.37646,-19.28118
975.9,-19.11678,-19.25296,-19.29317,-19.3759,-19.26596
976,-19.10162,-19.25879,-19.24709,-19.36363,-19.2561
976.1,-19.09004,-19.26292,-19.34334,-19.38527,-19.23885
976.2,-19.21813,-19.27105,-19.3515,-19.36109,-19.24735
976.3,-19.22847,-19.27435,-19.34032,-19.37166,-19.26201
976.4,-19.22701,-19.26411,-19.31923,-19.35672,-19.2509
976.5,-19.22171,-19.26447,-19.30756,-19.36349,-19.25409
976.6,-19.21968,-19.27641,-19.30376,-19.36293,-19.25608
976.7,-19.23937,-19.26292,-19.31762,-19.3532,-19.2561
976.8,-19.20531,-19.26356,-19.31928,-19.36883,-19.26482
976.9,-19.22511,-19.26363,-19.32108,-19.35295,-19.25747
977,-19.2257,-19.28056,-19.33503,-19.33419,-19.2297
977.1,-19.22244,-19.27429,-19.324,-19.34668,-19.24486
977.2,-19.22588,-19.25427,-19.3333,-19.35011,-19.23471
977.3,-19.32703,-19.24056,-19.32158,-19.32396,-19.2366
977.4,-19.32913,-19.25029,-19.30486,-19.32082,-19.24777
977.5,-19.32584,-19.25428,-19.30437,-19.31931,-19.23955
977.6,-19.3343,-19.25728,-19.32183,-19.3052,-19.24672
977.7,-19.36917,-19.24598,-19.31313,-19.30691,-19.25607
977.8,-19.35913,-19.23114,-19.31582,-19.31779,-19.24204
977.9,-19.34345,-19.21227,-19.30405,-19.30862,-19.24929
978,-19.33433,-19.22557,-19.29508,-19.31253,-19.28772
978.1,-19.31898,-19.22658,-19.29271,-19.30494,-19.28717
978.2,-19.30988,-19.24739,-19.30514,-19.31355,-19.29616
978.3,-19.30801,-19.23324,-19.32535,-19.29173,-19.30222
978.4,-19.31873,-19.22793,-19.30961,-19.29238,-19.29864
978.5,-19.32257,-19.22667,-19.30981,-19.29429,-19.304
978.6,-19.33665,-19.2447,-19.31091,-19.28835,-19.30407
978.7,-19.31906,-19.23903,-19.3045,-19.29304,-19.29203
978.8,-19.32518,-19.21107,-19.30143,-19.29242,-19.29837
978.9,-19.32088,-19.19879,-19.2747,-19.2777,-19.2779
979,-19.32518,-19.21448,-19.28186,-19.27859,-19.26297
979.1,-19.3136,-19.23038,-19.27002,-19.30281,-19.25123
979.2,-19.31392,-19.23094,-19.26412,-19.28621,-19.26032
979.3,-19.29702,-19.2024,-19.25654,-19.29605,-19.26962
979.4,-19.29033,-19.2042,-19.25143,-19.28923,-19.27831
979.5,-19.28738,-19.2102,-19.25008,-19.30565,-19.2778
979.6,-19.30153,-19.23079,-19.26629,-19.31821,-19.26663
979.7,-19.2956,-19.23574,-19.26472,-19.31916,-19.26415
979.8,-19.29046,-19.23024,-19.28324,-19.31951,-19.27984
979.9,-19.27325,-19.22766,-19.28666,-19.31849,-19.27108
980,-19.28568,-19.24655,-19.267,-19.33309,-19.26802
980.1,-19.28117,-19.24087,-19.26324,-19.33402,-19.26858
980.2,-19.29123,-19.22848,-19.25057,-19.33382,-19.27682
980.3,-19.29702,-19.19598,-19.23555,-19.34669,-19.26983
980.4,-19.26864,-19.18631,-19.24385,-19.3221,-19.25073
980.5,-19.2718,-19.16272,-19.2649,-19.31501,-19.26148
980.6,-19.28176,-19.17216,-19.26867,-19.3113,-19.25981
980.7,-19.26766,-19.17183,-19.26506,-19.32033,-19.25409
980.8,-19.26006,-19.1881,-19.2641,-19.33266,-19.25926
980.9,-19.2603,-19.1775,-19.24581,-19.33459,-19.26285
981,-19.25522,-19.18229,-19.25072,-19.33747,-19.26732
981.1,-19.26172,-19.19886,-19.24308,-19.35066,-19.28193
981.2,-19.25849,-19.20325,-19.25321,-19.33564,-19.28274
981.3,-19.26938,-19.20725,-19.25242,-19.33964,-19.2703
981.4,-19.25843,-19.2156,-19.22744,-19.30551,-19.27409
981.5,-19.2534,-19.21105,-19.21259,-19.28555,-19.28312
981.6,-19.23654,-19.20291,-19.19385,-19.30055,-19.29887
981.7,-19.22457,-19.19856,-19.20288,-19.31276,-19.30388
981.8,-19.22114,-19.20914,-19.18124,-19.31157,-19.29361
981.9,-19.23825,-19.19111,-19.20131,-19.309,-19.26702
982,-19.23639,-19.1794,-19.18973,-19.2989,-19.28931
982.1,-19.241,-19.19252,-19.20218,-19.30737,-19.25591
982.2,-19.26162,-19.18241,-19.20977,-19.3188,-19.26503
982.3,-19.26268,-19.1605,-19.19815,-19.33752,-19.2875
982.4,-19.23525,-19.1571,-19.21346,-19.34567,-19.28334
982.5,-19.23139,-19.17104,-19.20467,-19.34126,-19.28487
982.6,-19.2389,-19.15183,-19.18515,-19.33696,-19.262
982.7,-19.23492,-19.16068,-19.20243,-19.35972,-19.24944
982.8,-19.25406,-19.17643,-19.20772,-19.36777,-19.25129
982.9,-19.25528,-19.16285,-19.21826,-19.35419,-19.24753
983,-19.27943,-19.16103,-19.23149,-19.34541,-19.22235
983.1,-19.27035,-19.17144,-19.21276,-19.34584,-19.24811
983.2,-19.26553,-19.13673,-19.21053,-19.33358,-19.2461
983.3,-19.24158,-19.11933,-19.19093,-19.33518,-19.23994
983.4,-19.26377,-19.12409,-19.18566,-19.33832,-19.24635
983.5,-19.2622,-19.12447,-19.1918,-19.34076,-19.23399
983.6,-19.27143,-19.11483,-19.19519,-19.36176,-19.23169
983.7,-19.28614,-19.09264,-19.21665,-19.32847,-19.23385
983.8,-19.27109,-19.07967,-19.20714,-19.32438,-19.24692
983.9,-19.26958,-19.0297,-19.2044,-19.32167,-19.27705
984,-19.24686,-19.1632,-19.18489,-19.3334,-19.2421
984.1,-19.27557,-19.17745,-19.1859,-19.34802,-19.25228
984.2,-19.25853,-19.1654,-19.17666,-19.35604,-19.25881
984.3,-19.25956,-19.17368,-19.15855,-19.34062,-19.25858
984.4,-19.26074,-19.18988,-19.14789,-19.33145,-19.23895
984.5,-19.26224,-19.18559,-19.15735,-19.33191,-19.23862
984.6,-19.25864,-19.17615,-19.18215,-19.31817,-19.24008
984.7,-19.25833,-19.17016,-19.17652,-19.31213,-19.22386
984.8,-19.24725,-19.14735,-19.17549,-19.29676,-19.21906
984.9,-19.24151,-19.10808,-19.16908,-19.28457,-19.21
985,-19.22944,-19.13684,-19.16593,-19.29311,-19.20529
985.1,-19.25735,-19.14277,-19.16178,-19.31493,-19.2114
985.2,-19.26035,-19.15269,-19.18691,-19.3149,-19.25193
985.3,-19.2712,-19.16142,-19.19885,-19.32378,-19.24193
985.4,-19.28948,-19.17092,-19.18547,-19.33438,-19.23987
985.5,-19.29672,-19.16485,-19.16847,-19.32747,-19.24568
985.6,-19.28083,-19.15664,-19.18133,-19.33664,-19.2332
985.7,-19.28153,-19.13668,-19.17698,-19.32304,-19.22801
985.8,-19.28914,-19.13083,-19.16772,-19.32084,-19.23883
985.9,-19.27932,-19.14045,-19.15892,-19.30822,-19.25693
986,-19.27309,-19.14834,-19.13352,-19.28056,-19.27901
986.1,-19.28566,-19.12894,-19.14052,-19.28411,-19.29011
986.2,-19.2686,-19.14127,-19.16365,-19.30202,-19.29575
986.3,-19.27953,-19.15253,-19.16396,-19.31421,-19.29984
986.4,-19.27615,-19.14902,-19.17175,-19.3205,-19.29669
986.5,-19.27822,-19.16615,-19.1744,-19.32354,-19.29849
986.6,-19.25381,-19.18272,-19.18661,-19.32112,-19.3075
986.7,-19.25091,-19.18254,-19.18204,-19.33637,-19.30355
986.8,-19.25012,-19.16833,-19.17342,-19.34196,-19.30617
986.9,-19.23556,-19.15563,-19.16996,-19.33736,-19.2917
987,-19.21642,-19.15831,-19.18599,-19.35756,-19.29732
987.1,-19.20212,-19.14663,-19.19882,-19.35709,-19.29452
987.2,-19.1976,-19.14566,-19.19661,-19.36119,-19.29412
987.3,-19.1884,-19.15617,-19.20522,-19.37026,-19.28181
987.4,-19.18994,-19.15324,-19.1949,-19.3521,-19.30655
987.5,-19.19724,-19.13272,-19.18611,-19.34961,-19.31569
987.6,-19.16935,-19.1104,-19.18045,-19.34462,-19.31952
987.7,-19.14924,-19.08401,-19.1696,-19.32311,-19.32041
987.8,-19.27427,-19.17681,-19.1505,-19.30391,-19.28837
987.9,-19.26288,-19.18038,-19.13235,-19.30535,-19.27593
988,-19.24927,-19.18778,-19.21697,-19.29994,-19.25692
988.1,-19.27235,-19.19422,-19.2302,-19.30177,-19.29001
988.2,-19.27057,-19.21143,-19.22169,-19.31433,-19.30203
988.3,-19.2746,-19.20847,-19.24969,-19.30074,-19.3027
988.4,-19.28461,-19.2077,-19.2733,-19.30356,-19.29925
988.5,-19.32984,-19.23798,-19.27063,-19.31451,-19.27527
988.6,-19.3377,-19.22907,-19.26284,-19.30795,-19.2744
988.7,-19.34536,-19.21565,-19.26799,-19.28784,-19.28401
988.8,-19.34421,-19.20796,-19.27804,-19.27866,-19.27761
988.9,-19.33665,-19.19011,-19.26305,-19.2826,-19.26231
989,-19.31689,-19.18333,-19.26825,-19.2724,-19.27062
989.1,-19.33671,-19.18194,-19.27235,-19.26596,-19.26645
989.2,-19.33573,-19.19101,-19.29803,-19.27727,-19.27036
989.3,-19.32165,-19.16822,-19.31832,-19.25155,-19.26019
989.4,-19.34527,-19.15562,-19.32273,-19.24984,-19.23826
989.5,-19.34957,-19.15773,-19.33937,-19.24954,-19.22506
989.6,-19.34151,-19.1365,-19.33299,-19.23213,-19.24459
989.7,-19.31227,-19.1319,-19.36428,-19.24426,-19.2667
989.8,-19.30289,-19.12031,-19.35768,-19.21929,-19.3089
989.9,-19.31292,-19.1065,-19.36372,-19.23068,-19.31054
990,-19.34025,-19.09858,-19.36094,-19.23718,-19.2993
990.1,-19.35149,-19.12311,-19.38887,-19.22964,-19.28365
990.2,-19.34532,-19.12103,-19.37284,-19.24421,-19.28773
990.3,-19.36279,-19.10256,-19.37459,-19.23045,-19.29667
990.4,-19.38149,-19.11525,-19.37536,-19.2377,-19.2799
990.5,-19.36691,-19.12321,-19.35985,-19.25075,-19.30442
990.6,-19.3757,-19.11887,-19.38148,-19.26339,-19.29424
990.7,-19.41658,-19.11607,-19.38455,-19.2581,-19.31863
990.8,-19.41175,-19.12685,-19.38467,-19.24848,-19.29383
990.9,-19.4293,-19.13859,-19.36089,-19.25152,-19.29498
991,-19.43222,-19.13229,-19.3565,-19.26807,-19.30952
991.1,-19.40857,-19.1353,-19.34384,-19.28654,-19.31691
991.2,-19.41603,-19.15387,-19.33598,-19.28771,-19.32482
991.3,-19.41538,-19.17823,-19.34092,-19.27417,-19.31895
991.4,-19.44856,-19.17463,-19.33512,-19.24659,-19.34404
991.5,-19.44735,-19.19974,-19.32007,-19.22544,-19.32636
991.6,-19.44318,-19.18323,-19.31099,-19.23235,-19.31706
991.7,-19.43484,-19.1707,-19.31687,-19.23483,-19.31176
991.8,-19.43272,-19.1802,-19.32895,-19.25508,-19.32974
991.9,-19.42996,-19.18082,-19.33402,-19.25364,-19.31291
992,-19.41377,-19.15375,-19.34922,-19.25836,-19.33655
992.1,-19.40957,-19.13262,-19.35874,-19.279,-19.3246
992.2,-19.39791,-19.12153,-19.36401,-19.28753,-19.32072
992.3,-19.39752,-19.13234,-19.37553,-19.29456,-19.33065
992.4,-19.39019,-19.14655,-19.37587,-19.28889,-19.33245
992.5,-19.41136,-19.158,-19.35586,-19.30019,-19.33034
992.6,-19.41123,-19.13095,-19.37615,-19.28897,-19.32218
992.7,-19.42963,-19.12109,-19.36882,-19.27523,-19.3309
992.8,-19.4427,-19.1292,-19.36107,-19.27303,-19.3416
992.9,-19.41701,-19.1381,-19.35067,-19.27194,-19.34921
993,-19.45013,-19.11585,-19.35974,-19.24496,-19.35543
993.1,-19.42805,-19.12884,-19.36765,-19.25231,-19.36388
993.2,-19.43473,-19.12492,-19.36013,-19.24203,-19.35715
993.3,-19.42859,-19.12845,-19.35395,-19.23742,-19.35103
993.4,-19.42765,-19.12282,-19.35409,-19.23442,-19.35342
993.5,-19.43554,-19.12059,-19.37148,-19.24105,-19.3624
993.6,-19.42462,-19.13032,-19.37909,-19.23221,-19.37228
993.7,-19.42368,-19.13047,-19.35608,-19.24429,-19.34071
993.8,-19.42515,-19.13411,-19.35032,-19.25667,-19.32752
993.9,-19.43241,-19.14692,-19.33903,-19.27568,-19.31167
994,-19.43378,-19.16082,-19.31204,-19.29617,-19.32924
994.1,-19.44943,-19.15288,-19.32159,-19.29392,-19.34963
994.2,-19.45858,-19.13648,-19.2993,-19.30329,-19.35007
994.3,-19.46879,-19.15777,-19.2975,-19.32164,-19.32482
994.4,-19.46513,-19.16949,-19.29596,-19.34207,-19.32269
994.5,-19.4532,-19.18091,-19.29113,-19.33384,-19.34245
994.6,-19.43596,-19.16938,-19.28382,-19.33321,-19.32884
994.7,-19.43989,-19.16984,-19.29178,-19.33253,-19.35126
994.8,-19.44712,-19.16153,-19.29111,-19.32424,-19.32011
994.9,-19.45762,-19.1695,-19.28223,-19.31958,-19.33337
995,-19.45993,-19.15684,-19.28752,-19.33015,-19.3685
995.1,-19.45332,-19.13363,-19.27349,-19.3297,-19.34588
995.2,-19.45489,-19.15121,-19.27735,-19.33774,-19.33446
995.3,-19.43261,-19.14501,-19.2995,-19.34463,-19.33416
995.4,-19.458,-19.14077,-19.32561,-19.35436,-19.31508
995.5,-19.46174,-19.1405,-19.34756,-19.33286,-19.32086
995.6,-19.45946,-19.15069,-19.35282,-19.35031,-19.3375
995.7,-19.45686,-19.14297,-19.35347,-19.35394,-19.34207
995.8,-19.44,-19.1397,-19.3327,-19.37606,-19.34827
995.9,-19.41311,-19.09993,-19.34178,-19.37709,-19.3231
996,-19.40881,-19.0947,-19.33227,-19.3897,-19.31792
996.1,-19.40262,-19.22113,-19.33696,-19.38715,-19.3227
996.2,-19.404,-19.23088,-19.36745,-19.38571,-19.32198
996.3,-19.41147,-19.23727,-19.33747,-19.39586,-19.31228
996.4,-19.41185,-19.2532,-19.33369,-19.38407,-19.3076
996.5,-19.41639,-19.25955,-19.32795,-19.37035,-19.30483
996.6,-19.41415,-19.25618,-19.31791,-19.35856,-19.30277
996.7,-19.42453,-19.24459,-19.30101,-19.34943,-19.32227
996.8,-19.41824,-19.25559,-19.27992,-19.38138,-19.34586
996.9,-19.4167,-19.2644,-19.29699,-19.36236,-19.35458
997,-19.43487,-19.24939,-19.31795,-19.36642,-19.35736
997.1,-19.4352,-19.22869,-19.31811,-19.39837,-19.36123
997.2,-19.41793,-19.23619,-19.33829,-19.41989,-19.35671
997.3,-19.41426,-19.23346,-19.32946,-19.40108,-19.38614
997.4,-19.40182,-19.22018,-19.34632,-19.40303,-19.35489
997.5,-19.39358,-19.22403,-19.34433,-19.39279,-19.33137
997.6,-19.40934,-19.22942,-19.35094,-19.36584,-19.35779
997.7,-19.42592,-19.26217,-19.36353,-19.36494,-19.3344
997.8,-19.43684,-19.28121,-19.33581,-19.36633,-19.34018
997.9,-19.42931,-19.28963,-19.29788,-19.38788,-19.33188
998,-19.43336,-19.30567,-19.30755,-19.39131,-19.32142
998.1,-19.42602,-19.31955,-19.30303,-19.40308,-19.32102
998.2,-19.43424,-19.32803,-19.2887,-19.39963,-19.31588
998.3,-19.43545,-19.31136,-19.29687,-19.38246,-19.31289
998.4,-19.44806,-19.29515,-19.28241,-19.39412,-19.31054
998.5,-19.4655,-19.28198,-19.2819,-19.40556,-19.29997
998.6,-19.45749,-19.27626,-19.28796,-19.42639,-19.30367
998.7,-19.45495,-19.31419,-19.27432,-19.4393,-19.29463
998.8,-19.46397,-19.34092,-19.28923,-19.44457,-19.27158
998.9,-19.49163,-19.34058,-19.28505,-19.44846,-19.26473
999,-19.4917,-19.3383,-19.2863,-19.45676,-19.2501
999.1,-19.48225,-19.34139,-19.29181,-19.45,-19.23289
999.2,-19.47632,-19.3355,-19.30321,-19.43605,-19.23008
999.3,-19.44905,-19.3532,-19.29424,-19.4506,-19.22582
999.4,-19.44222,-19.34498,-19.28539,-19.46555,-19.23321
999.5,-19.45491,-19.33281,-19.27755,-19.47727,-19.22785
999.6,-19.45901,-19.3193,-19.27648,-19.46042,-19.22956
999.7,-19.489,-19.32151,-19.28842,-19.47685,-19.22555
999.8,-19.50041,-19.31828,-19.29614,-19.45322,-19.2452
999.9,-19.50595,-19.32774,-19.30066,-19.45726,-19.25266
